original_peptide,mutation_peptide,mutation_position_AAtype,mutation_AA_number,sequence similarity,HLA,HLA_sequence,y_pred,y_prob
DEMVCKWLL,DEMVCKWLL,,1,1.0,HLA-A*02:11,YFAMYGEKVAHIDVDTLYVRYHYYTWAVLAYTWY,0,0.0
DEMVCKWLL,DEMECKWLL,4|V/E,1,0.8888888888888888,HLA-A*02:11,YFAMYGEKVAHIDVDTLYVRYHYYTWAVLAYTWY,0,0.0
DEMVCKWLL,AEMVCKWLL,1|D/A,1,0.8888888888888888,HLA-A*02:11,YFAMYGEKVAHIDVDTLYVRYHYYTWAVLAYTWY,0,0.0009
DEMVCKWLL,DLMVCKWLL,2|E/L,1,0.8888888888888888,HLA-A*02:11,YFAMYGEKVAHIDVDTLYVRYHYYTWAVLAYTWY,0,0.2559
DEMVCKWLL,DEMVCKWLF,9|L/F,1,0.8888888888888888,HLA-A*02:11,YFAMYGEKVAHIDVDTLYVRYHYYTWAVLAYTWY,0,0.0
DEMVCKWLL,DEMPCKWLL,4|V/P,1,0.8888888888888888,HLA-A*02:11,YFAMYGEKVAHIDVDTLYVRYHYYTWAVLAYTWY,0,0.0007
DEMVCKWLL,REMVCKWLL,1|D/R,1,0.8888888888888888,HLA-A*02:11,YFAMYGEKVAHIDVDTLYVRYHYYTWAVLAYTWY,0,0.0
DEMVCKWLL,DEMVCKWLY,9|L/Y,1,0.8888888888888888,HLA-A*02:11,YFAMYGEKVAHIDVDTLYVRYHYYTWAVLAYTWY,0,0.0
DEMVCKWLL,SEMVCKWLL,1|D/S,1,0.8888888888888888,HLA-A*02:11,YFAMYGEKVAHIDVDTLYVRYHYYTWAVLAYTWY,0,0.003
DEMVCKWLL,DEMDCKWLL,4|V/D,1,0.8888888888888888,HLA-A*02:11,YFAMYGEKVAHIDVDTLYVRYHYYTWAVLAYTWY,0,0.0
DEMVCKWLL,DRMVCKWLL,2|E/R,1,0.8888888888888888,HLA-A*02:11,YFAMYGEKVAHIDVDTLYVRYHYYTWAVLAYTWY,0,0.0
DEMVCKWLL,AEDVCKWLL,"1|D/A,3|M/D",2,0.7777777777777778,HLA-A*02:11,YFAMYGEKVAHIDVDTLYVRYHYYTWAVLAYTWY,0,0.0305
DEMVCKWLL,SEMPCKWLL,"1|D/S,4|V/P",2,0.7777777777777778,HLA-A*02:11,YFAMYGEKVAHIDVDTLYVRYHYYTWAVLAYTWY,1,0.7867
DEMVCKWLL,DEMDCKWLY,"4|V/D,9|L/Y",2,0.7777777777777778,HLA-A*02:11,YFAMYGEKVAHIDVDTLYVRYHYYTWAVLAYTWY,0,0.0
DEMVCKWLL,SRMVCKWLL,"1|D/S,2|E/R",2,0.7777777777777778,HLA-A*02:11,YFAMYGEKVAHIDVDTLYVRYHYYTWAVLAYTWY,0,0.0
DEMVCKWLL,DEMDCKWAL,"4|V/D,8|L/A",2,0.7777777777777778,HLA-A*02:11,YFAMYGEKVAHIDVDTLYVRYHYYTWAVLAYTWY,0,0.0
DEMVCKWLL,DLMVCKWLF,"2|E/L,9|L/F",2,0.7777777777777778,HLA-A*02:11,YFAMYGEKVAHIDVDTLYVRYHYYTWAVLAYTWY,0,0.0002
DEMVCKWLL,DRMVCKWLF,"2|E/R,9|L/F",2,0.7777777777777778,HLA-A*02:11,YFAMYGEKVAHIDVDTLYVRYHYYTWAVLAYTWY,0,0.0
DEMVCKWLL,DEMPCKWTL,"4|V/P,8|L/T",2,0.7777777777777778,HLA-A*02:11,YFAMYGEKVAHIDVDTLYVRYHYYTWAVLAYTWY,0,0.002
DEMVCKWLL,AEMPCKWLL,"1|D/A,4|V/P",2,0.7777777777777778,HLA-A*02:11,YFAMYGEKVAHIDVDTLYVRYHYYTWAVLAYTWY,1,0.6842
DEMVCKWLL,SEMDCKWLL,"1|D/S,4|V/D",2,0.7777777777777778,HLA-A*02:11,YFAMYGEKVAHIDVDTLYVRYHYYTWAVLAYTWY,0,0.3922
DEMVCKWLL,SEAVCKWLL,"1|D/S,3|M/A",2,0.7777777777777778,HLA-A*02:11,YFAMYGEKVAHIDVDTLYVRYHYYTWAVLAYTWY,0,0.0009
DEMVCKWLL,REDVCKWLL,"1|D/R,3|M/D",2,0.7777777777777778,HLA-A*02:11,YFAMYGEKVAHIDVDTLYVRYHYYTWAVLAYTWY,0,0.0008
DEMVCKWLL,AEMVCLWLL,"1|D/A,6|K/L",2,0.7777777777777778,HLA-A*02:11,YFAMYGEKVAHIDVDTLYVRYHYYTWAVLAYTWY,0,0.0002
DEMVCKWLL,REAVCKWLL,"1|D/R,3|M/A",2,0.7777777777777778,HLA-A*02:11,YFAMYGEKVAHIDVDTLYVRYHYYTWAVLAYTWY,0,0.0
DEMVCKWLL,DLMPCKWLL,"2|E/L,4|V/P",2,0.7777777777777778,HLA-A*02:11,YFAMYGEKVAHIDVDTLYVRYHYYTWAVLAYTWY,1,0.9985
DEMVCKWLL,AELVCKWLL,"1|D/A,3|M/L",2,0.7777777777777778,HLA-A*02:11,YFAMYGEKVAHIDVDTLYVRYHYYTWAVLAYTWY,0,0.0018
DEMVCKWLL,DLMDCKWLL,"2|E/L,4|V/D",2,0.7777777777777778,HLA-A*02:11,YFAMYGEKVAHIDVDTLYVRYHYYTWAVLAYTWY,1,0.9974
DEMVCKWLL,DEMECKWLF,"4|V/E,9|L/F",2,0.7777777777777778,HLA-A*02:11,YFAMYGEKVAHIDVDTLYVRYHYYTWAVLAYTWY,0,0.0
DEMVCKWLL,DEMECKWSL,"4|V/E,8|L/S",2,0.7777777777777778,HLA-A*02:11,YFAMYGEKVAHIDVDTLYVRYHYYTWAVLAYTWY,0,0.0
DEMVCKWLL,AEMVCKWLF,"1|D/A,9|L/F",2,0.7777777777777778,HLA-A*02:11,YFAMYGEKVAHIDVDTLYVRYHYYTWAVLAYTWY,0,0.0002
DEMVCKWLL,REMVCKWLF,"1|D/R,9|L/F",2,0.7777777777777778,HLA-A*02:11,YFAMYGEKVAHIDVDTLYVRYHYYTWAVLAYTWY,0,0.0
DEMVCKWLL,DLMECKWLL,"2|E/L,4|V/E",2,0.7777777777777778,HLA-A*02:11,YFAMYGEKVAHIDVDTLYVRYHYYTWAVLAYTWY,1,0.9738
DEMVCKWLL,RRMVCKWLL,"1|D/R,2|E/R",2,0.7777777777777778,HLA-A*02:11,YFAMYGEKVAHIDVDTLYVRYHYYTWAVLAYTWY,0,0.0
DEMVCKWLL,AEMVCKWLY,"1|D/A,9|L/Y",2,0.7777777777777778,HLA-A*02:11,YFAMYGEKVAHIDVDTLYVRYHYYTWAVLAYTWY,0,0.0
DEMVCKWLL,AEAVCKWLL,"1|D/A,3|M/A",2,0.7777777777777778,HLA-A*02:11,YFAMYGEKVAHIDVDTLYVRYHYYTWAVLAYTWY,0,0.0002
DEMVCKWLL,REMVCVWLL,"1|D/R,6|K/V",2,0.7777777777777778,HLA-A*02:11,YFAMYGEKVAHIDVDTLYVRYHYYTWAVLAYTWY,0,0.0
DEMVCKWLL,RLMVCKWLL,"1|D/R,2|E/L",2,0.7777777777777778,HLA-A*02:11,YFAMYGEKVAHIDVDTLYVRYHYYTWAVLAYTWY,1,0.9814
DEMVCKWLL,DRMECKWLL,"2|E/R,4|V/E",2,0.7777777777777778,HLA-A*02:11,YFAMYGEKVAHIDVDTLYVRYHYYTWAVLAYTWY,0,0.0
DEMVCKWLL,AEMECKWLL,"1|D/A,4|V/E",2,0.7777777777777778,HLA-A*02:11,YFAMYGEKVAHIDVDTLYVRYHYYTWAVLAYTWY,1,0.7023
DEMVCKWLL,REMECKWLL,"1|D/R,4|V/E",2,0.7777777777777778,HLA-A*02:11,YFAMYGEKVAHIDVDTLYVRYHYYTWAVLAYTWY,0,0.0065
DEMVCKWLL,DEMDCKWTL,"4|V/D,8|L/T",2,0.7777777777777778,HLA-A*02:11,YFAMYGEKVAHIDVDTLYVRYHYYTWAVLAYTWY,0,1e-04
DEMVCKWLL,DRMPCKWLL,"2|E/R,4|V/P",2,0.7777777777777778,HLA-A*02:11,YFAMYGEKVAHIDVDTLYVRYHYYTWAVLAYTWY,0,0.0
DEMVCKWLL,DEMDCKWSL,"4|V/D,8|L/S",2,0.7777777777777778,HLA-A*02:11,YFAMYGEKVAHIDVDTLYVRYHYYTWAVLAYTWY,0,0.0
DEMVCKWLL,REMVCKWLY,"1|D/R,9|L/Y",2,0.7777777777777778,HLA-A*02:11,YFAMYGEKVAHIDVDTLYVRYHYYTWAVLAYTWY,0,0.0
DEMVCKWLL,DRMDCKWLL,"2|E/R,4|V/D",2,0.7777777777777778,HLA-A*02:11,YFAMYGEKVAHIDVDTLYVRYHYYTWAVLAYTWY,0,0.0
DEMVCKWLL,DLMVCKWLY,"2|E/L,9|L/Y",2,0.7777777777777778,HLA-A*02:11,YFAMYGEKVAHIDVDTLYVRYHYYTWAVLAYTWY,0,0.0
DEMVCKWLL,DEMPCKWLY,"4|V/P,9|L/Y",2,0.7777777777777778,HLA-A*02:11,YFAMYGEKVAHIDVDTLYVRYHYYTWAVLAYTWY,0,0.0
DEMVCKWLL,DEMPCKWLF,"4|V/P,9|L/F",2,0.7777777777777778,HLA-A*02:11,YFAMYGEKVAHIDVDTLYVRYHYYTWAVLAYTWY,0,0.0
DEMVCKWLL,SELVCKWLL,"1|D/S,3|M/L",2,0.7777777777777778,HLA-A*02:11,YFAMYGEKVAHIDVDTLYVRYHYYTWAVLAYTWY,0,0.0023
DEMVCKWLL,REMVCIWLL,"1|D/R,6|K/I",2,0.7777777777777778,HLA-A*02:11,YFAMYGEKVAHIDVDTLYVRYHYYTWAVLAYTWY,0,0.0
DEMVCKWLL,SEMVCLWLL,"1|D/S,6|K/L",2,0.7777777777777778,HLA-A*02:11,YFAMYGEKVAHIDVDTLYVRYHYYTWAVLAYTWY,0,0.0002
DEMVCKWLL,DEMECKWLY,"4|V/E,9|L/Y",2,0.7777777777777778,HLA-A*02:11,YFAMYGEKVAHIDVDTLYVRYHYYTWAVLAYTWY,0,0.0
DEMVCKWLL,DEMPCKWAL,"4|V/P,8|L/A",2,0.7777777777777778,HLA-A*02:11,YFAMYGEKVAHIDVDTLYVRYHYYTWAVLAYTWY,0,1e-04
DEMVCKWLL,SEMVCIWLL,"1|D/S,6|K/I",2,0.7777777777777778,HLA-A*02:11,YFAMYGEKVAHIDVDTLYVRYHYYTWAVLAYTWY,0,0.0002
DEMVCKWLL,REMPCKWLL,"1|D/R,4|V/P",2,0.7777777777777778,HLA-A*02:11,YFAMYGEKVAHIDVDTLYVRYHYYTWAVLAYTWY,0,0.0343
DEMVCKWLL,AEMVCIWLL,"1|D/A,6|K/I",2,0.7777777777777778,HLA-A*02:11,YFAMYGEKVAHIDVDTLYVRYHYYTWAVLAYTWY,0,0.0003
DEMVCKWLL,DEMECKWAL,"4|V/E,8|L/A",2,0.7777777777777778,HLA-A*02:11,YFAMYGEKVAHIDVDTLYVRYHYYTWAVLAYTWY,0,0.0
DEMVCKWLL,DEMDCKWLF,"4|V/D,9|L/F",2,0.7777777777777778,HLA-A*02:11,YFAMYGEKVAHIDVDTLYVRYHYYTWAVLAYTWY,0,0.0
DEMVCKWLL,SLMVCKWLL,"1|D/S,2|E/L",2,0.7777777777777778,HLA-A*02:11,YFAMYGEKVAHIDVDTLYVRYHYYTWAVLAYTWY,1,0.9976
DEMVCKWLL,REMVCLWLL,"1|D/R,6|K/L",2,0.7777777777777778,HLA-A*02:11,YFAMYGEKVAHIDVDTLYVRYHYYTWAVLAYTWY,0,0.0
DEMVCKWLL,SEMVCVWLL,"1|D/S,6|K/V",2,0.7777777777777778,HLA-A*02:11,YFAMYGEKVAHIDVDTLYVRYHYYTWAVLAYTWY,0,0.0043
DEMVCKWLL,AEMVCVWLL,"1|D/A,6|K/V",2,0.7777777777777778,HLA-A*02:11,YFAMYGEKVAHIDVDTLYVRYHYYTWAVLAYTWY,0,0.0009
DEMVCKWLL,RELVCKWLL,"1|D/R,3|M/L",2,0.7777777777777778,HLA-A*02:11,YFAMYGEKVAHIDVDTLYVRYHYYTWAVLAYTWY,0,0.0
DEMVCKWLL,SEMVCKWLF,"1|D/S,9|L/F",2,0.7777777777777778,HLA-A*02:11,YFAMYGEKVAHIDVDTLYVRYHYYTWAVLAYTWY,0,0.0
DEMVCKWLL,SEMECKWLL,"1|D/S,4|V/E",2,0.7777777777777778,HLA-A*02:11,YFAMYGEKVAHIDVDTLYVRYHYYTWAVLAYTWY,1,0.505
DEMVCKWLL,ALMVCKWLL,"1|D/A,2|E/L",2,0.7777777777777778,HLA-A*02:11,YFAMYGEKVAHIDVDTLYVRYHYYTWAVLAYTWY,1,0.9315
DEMVCKWLL,DEMECKWTL,"4|V/E,8|L/T",2,0.7777777777777778,HLA-A*02:11,YFAMYGEKVAHIDVDTLYVRYHYYTWAVLAYTWY,0,0.0
DEMVCKWLL,ARMVCKWLL,"1|D/A,2|E/R",2,0.7777777777777778,HLA-A*02:11,YFAMYGEKVAHIDVDTLYVRYHYYTWAVLAYTWY,0,0.0
DEMVCKWLL,DRMVCKWLY,"2|E/R,9|L/Y",2,0.7777777777777778,HLA-A*02:11,YFAMYGEKVAHIDVDTLYVRYHYYTWAVLAYTWY,0,0.0
DEMVCKWLL,SEDVCKWLL,"1|D/S,3|M/D",2,0.7777777777777778,HLA-A*02:11,YFAMYGEKVAHIDVDTLYVRYHYYTWAVLAYTWY,0,0.0091
DEMVCKWLL,REMDCKWLL,"1|D/R,4|V/D",2,0.7777777777777778,HLA-A*02:11,YFAMYGEKVAHIDVDTLYVRYHYYTWAVLAYTWY,0,0.0131
DEMVCKWLL,SEMVCKWLY,"1|D/S,9|L/Y",2,0.7777777777777778,HLA-A*02:11,YFAMYGEKVAHIDVDTLYVRYHYYTWAVLAYTWY,0,0.0
DEMVCKWLL,DEMPCKWSL,"4|V/P,8|L/S",2,0.7777777777777778,HLA-A*02:11,YFAMYGEKVAHIDVDTLYVRYHYYTWAVLAYTWY,0,0.0021
DEMVCKWLL,AEMDCKWLL,"1|D/A,4|V/D",2,0.7777777777777778,HLA-A*02:11,YFAMYGEKVAHIDVDTLYVRYHYYTWAVLAYTWY,1,0.7089
DEMVCKWLL,SLAVCKWLL,"1|D/S,2|E/L,3|M/A",3,0.6666666666666666,HLA-A*02:11,YFAMYGEKVAHIDVDTLYVRYHYYTWAVLAYTWY,1,0.9723
DEMVCKWLL,REAVCKWLF,"1|D/R,3|M/A,9|L/F",3,0.6666666666666666,HLA-A*02:11,YFAMYGEKVAHIDVDTLYVRYHYYTWAVLAYTWY,0,0.0
DEMVCKWLL,ARLVCKWLL,"1|D/A,2|E/R,3|M/L",3,0.6666666666666666,HLA-A*02:11,YFAMYGEKVAHIDVDTLYVRYHYYTWAVLAYTWY,0,0.0
DEMVCKWLL,SRMVCIWLL,"1|D/S,2|E/R,6|K/I",3,0.6666666666666666,HLA-A*02:11,YFAMYGEKVAHIDVDTLYVRYHYYTWAVLAYTWY,0,0.0007
DEMVCKWLL,SLLVCKWLL,"1|D/S,2|E/L,3|M/L",3,0.6666666666666666,HLA-A*02:11,YFAMYGEKVAHIDVDTLYVRYHYYTWAVLAYTWY,1,0.9154
DEMVCKWLL,DEMPCKWAF,"4|V/P,8|L/A,9|L/F",3,0.6666666666666666,HLA-A*02:11,YFAMYGEKVAHIDVDTLYVRYHYYTWAVLAYTWY,0,0.0
DEMVCKWLL,AEMVCIWLF,"1|D/A,6|K/I,9|L/F",3,0.6666666666666666,HLA-A*02:11,YFAMYGEKVAHIDVDTLYVRYHYYTWAVLAYTWY,0,0.0
DEMVCKWLL,DLMECKWLF,"2|E/L,4|V/E,9|L/F",3,0.6666666666666666,HLA-A*02:11,YFAMYGEKVAHIDVDTLYVRYHYYTWAVLAYTWY,0,0.0051
DEMVCKWLL,RLMECKWLL,"1|D/R,2|E/L,4|V/E",3,0.6666666666666666,HLA-A*02:11,YFAMYGEKVAHIDVDTLYVRYHYYTWAVLAYTWY,1,0.9999
DEMVCKWLL,AEMPCKWLY,"1|D/A,4|V/P,9|L/Y",3,0.6666666666666666,HLA-A*02:11,YFAMYGEKVAHIDVDTLYVRYHYYTWAVLAYTWY,0,1e-04
DEMVCKWLL,DRMECKWLF,"2|E/R,4|V/E,9|L/F",3,0.6666666666666666,HLA-A*02:11,YFAMYGEKVAHIDVDTLYVRYHYYTWAVLAYTWY,0,0.0
DEMVCKWLL,SRDVCKWLL,"1|D/S,2|E/R,3|M/D",3,0.7777777777777778,HLA-A*02:11,YFAMYGEKVAHIDVDTLYVRYHYYTWAVLAYTWY,0,0.0
DEMVCKWLL,RRMPCKWLL,"1|D/R,2|E/R,4|V/P",3,0.6666666666666666,HLA-A*02:11,YFAMYGEKVAHIDVDTLYVRYHYYTWAVLAYTWY,0,0.0002
DEMVCKWLL,SEMPCKWLF,"1|D/S,4|V/P,9|L/F",3,0.6666666666666666,HLA-A*02:11,YFAMYGEKVAHIDVDTLYVRYHYYTWAVLAYTWY,0,0.0011
DEMVCKWLL,DRMDCKWSL,"2|E/R,4|V/D,8|L/S",3,0.6666666666666666,HLA-A*02:11,YFAMYGEKVAHIDVDTLYVRYHYYTWAVLAYTWY,0,0.0
DEMVCKWLL,REDVCKWLY,"1|D/R,3|M/D,9|L/Y",3,0.6666666666666666,HLA-A*02:11,YFAMYGEKVAHIDVDTLYVRYHYYTWAVLAYTWY,0,0.0
DEMVCKWLL,DEMECKWAF,"4|V/E,8|L/A,9|L/F",3,0.6666666666666666,HLA-A*02:11,YFAMYGEKVAHIDVDTLYVRYHYYTWAVLAYTWY,0,0.0
DEMVCKWLL,DLMDCKWLF,"2|E/L,4|V/D,9|L/F",3,0.6666666666666666,HLA-A*02:11,YFAMYGEKVAHIDVDTLYVRYHYYTWAVLAYTWY,0,0.0012
DEMVCKWLL,RLMVCLWLL,"1|D/R,2|E/L,6|K/L",3,0.6666666666666666,HLA-A*02:11,YFAMYGEKVAHIDVDTLYVRYHYYTWAVLAYTWY,1,0.9982
DEMVCKWLL,REDVCKWLF,"1|D/R,3|M/D,9|L/F",3,0.6666666666666666,HLA-A*02:11,YFAMYGEKVAHIDVDTLYVRYHYYTWAVLAYTWY,0,1e-04
DEMVCKWLL,ARMDCKWLL,"1|D/A,2|E/R,4|V/D",3,0.6666666666666666,HLA-A*02:11,YFAMYGEKVAHIDVDTLYVRYHYYTWAVLAYTWY,0,0.0003
DEMVCKWLL,SLMPCKWLL,"1|D/S,2|E/L,4|V/P",3,0.6666666666666666,HLA-A*02:11,YFAMYGEKVAHIDVDTLYVRYHYYTWAVLAYTWY,1,1.0
DEMVCKWLL,DRMDCKWTL,"2|E/R,4|V/D,8|L/T",3,0.6666666666666666,HLA-A*02:11,YFAMYGEKVAHIDVDTLYVRYHYYTWAVLAYTWY,0,0.0
DEMVCKWLL,DLMDCKWSL,"2|E/L,4|V/D,8|L/S",3,0.6666666666666666,HLA-A*02:11,YFAMYGEKVAHIDVDTLYVRYHYYTWAVLAYTWY,1,0.9875
DEMVCKWLL,REMVCVWLY,"1|D/R,6|K/V,9|L/Y",3,0.6666666666666666,HLA-A*02:11,YFAMYGEKVAHIDVDTLYVRYHYYTWAVLAYTWY,0,0.0
DEMVCKWLL,RELVCKWLY,"1|D/R,3|M/L,9|L/Y",3,0.6666666666666666,HLA-A*02:11,YFAMYGEKVAHIDVDTLYVRYHYYTWAVLAYTWY,0,0.0
DEMVCKWLL,DLMPCKWLY,"2|E/L,4|V/P,9|L/Y",3,0.6666666666666666,HLA-A*02:11,YFAMYGEKVAHIDVDTLYVRYHYYTWAVLAYTWY,0,0.0006
DEMVCKWLL,DRMPCKWTL,"2|E/R,4|V/P,8|L/T",3,0.6666666666666666,HLA-A*02:11,YFAMYGEKVAHIDVDTLYVRYHYYTWAVLAYTWY,0,0.0
DEMVCKWLL,ARMVCKWLY,"1|D/A,2|E/R,9|L/Y",3,0.6666666666666666,HLA-A*02:11,YFAMYGEKVAHIDVDTLYVRYHYYTWAVLAYTWY,0,0.0
DEMVCKWLL,RLAVCKWLL,"1|D/R,2|E/L,3|M/A",3,0.6666666666666666,HLA-A*02:11,YFAMYGEKVAHIDVDTLYVRYHYYTWAVLAYTWY,1,0.8313
DEMVCKWLL,DEMECKWAY,"4|V/E,8|L/A,9|L/Y",3,0.6666666666666666,HLA-A*02:11,YFAMYGEKVAHIDVDTLYVRYHYYTWAVLAYTWY,0,0.0
DEMVCKWLL,REAVCKWLY,"1|D/R,3|M/A,9|L/Y",3,0.6666666666666666,HLA-A*02:11,YFAMYGEKVAHIDVDTLYVRYHYYTWAVLAYTWY,0,0.0
DEMVCKWLL,SEMECKWLY,"1|D/S,4|V/E,9|L/Y",3,0.6666666666666666,HLA-A*02:11,YFAMYGEKVAHIDVDTLYVRYHYYTWAVLAYTWY,0,0.0
DEMVCKWLL,SRLVCKWLL,"1|D/S,2|E/R,3|M/L",3,0.6666666666666666,HLA-A*02:11,YFAMYGEKVAHIDVDTLYVRYHYYTWAVLAYTWY,0,0.0
DEMVCKWLL,DRMDCKWLF,"2|E/R,4|V/D,9|L/F",3,0.6666666666666666,HLA-A*02:11,YFAMYGEKVAHIDVDTLYVRYHYYTWAVLAYTWY,0,0.0
DEMVCKWLL,DLMDCKWLY,"2|E/L,4|V/D,9|L/Y",3,0.6666666666666666,HLA-A*02:11,YFAMYGEKVAHIDVDTLYVRYHYYTWAVLAYTWY,0,0.0003
DEMVCKWLL,RELVCKWLF,"1|D/R,3|M/L,9|L/F",3,0.6666666666666666,HLA-A*02:11,YFAMYGEKVAHIDVDTLYVRYHYYTWAVLAYTWY,0,0.0
DEMVCKWLL,DRMPCKWSL,"2|E/R,4|V/P,8|L/S",3,0.6666666666666666,HLA-A*02:11,YFAMYGEKVAHIDVDTLYVRYHYYTWAVLAYTWY,0,0.0
DEMVCKWLL,DLMPCKWLF,"2|E/L,4|V/P,9|L/F",3,0.6666666666666666,HLA-A*02:11,YFAMYGEKVAHIDVDTLYVRYHYYTWAVLAYTWY,0,0.0944
DEMVCKWLL,DLMDCKWAL,"2|E/L,4|V/D,8|L/A",3,0.6666666666666666,HLA-A*02:11,YFAMYGEKVAHIDVDTLYVRYHYYTWAVLAYTWY,1,0.9984
DEMVCKWLL,DEMDCKWSF,"4|V/D,8|L/S,9|L/F",3,0.6666666666666666,HLA-A*02:11,YFAMYGEKVAHIDVDTLYVRYHYYTWAVLAYTWY,0,0.0
DEMVCKWLL,SEMVCVWLY,"1|D/S,6|K/V,9|L/Y",3,0.6666666666666666,HLA-A*02:11,YFAMYGEKVAHIDVDTLYVRYHYYTWAVLAYTWY,0,1e-04
DEMVCKWLL,SRMVCVWLL,"1|D/S,2|E/R,6|K/V",3,0.6666666666666666,HLA-A*02:11,YFAMYGEKVAHIDVDTLYVRYHYYTWAVLAYTWY,0,0.0026
DEMVCKWLL,REMPCKWLY,"1|D/R,4|V/P,9|L/Y",3,0.6666666666666666,HLA-A*02:11,YFAMYGEKVAHIDVDTLYVRYHYYTWAVLAYTWY,0,0.0
DEMVCKWLL,RLMVCKWLY,"1|D/R,2|E/L,9|L/Y",3,0.6666666666666666,HLA-A*02:11,YFAMYGEKVAHIDVDTLYVRYHYYTWAVLAYTWY,0,0.0002
DEMVCKWLL,DEMECKWTF,"4|V/E,8|L/T,9|L/F",3,0.6666666666666666,HLA-A*02:11,YFAMYGEKVAHIDVDTLYVRYHYYTWAVLAYTWY,0,0.0
DEMVCKWLL,ALDVCKWLL,"1|D/A,2|E/L,3|M/D",3,0.7777777777777778,HLA-A*02:11,YFAMYGEKVAHIDVDTLYVRYHYYTWAVLAYTWY,1,0.9993
DEMVCKWLL,RLMPCKWLL,"1|D/R,2|E/L,4|V/P",3,0.6666666666666666,HLA-A*02:11,YFAMYGEKVAHIDVDTLYVRYHYYTWAVLAYTWY,1,0.9999
DEMVCKWLL,DEMDCKWAF,"4|V/D,8|L/A,9|L/F",3,0.6666666666666666,HLA-A*02:11,YFAMYGEKVAHIDVDTLYVRYHYYTWAVLAYTWY,0,0.0
DEMVCKWLL,ALMPCKWLL,"1|D/A,2|E/L,4|V/P",3,0.6666666666666666,HLA-A*02:11,YFAMYGEKVAHIDVDTLYVRYHYYTWAVLAYTWY,1,0.9993
DEMVCKWLL,DRMDCKWAL,"2|E/R,4|V/D,8|L/A",3,0.6666666666666666,HLA-A*02:11,YFAMYGEKVAHIDVDTLYVRYHYYTWAVLAYTWY,0,0.0
DEMVCKWLL,DLMECKWAL,"2|E/L,4|V/E,8|L/A",3,0.6666666666666666,HLA-A*02:11,YFAMYGEKVAHIDVDTLYVRYHYYTWAVLAYTWY,1,0.9635
DEMVCKWLL,DLMECKWSL,"2|E/L,4|V/E,8|L/S",3,0.6666666666666666,HLA-A*02:11,YFAMYGEKVAHIDVDTLYVRYHYYTWAVLAYTWY,1,0.9852
DEMVCKWLL,DEMECKWSY,"4|V/E,8|L/S,9|L/Y",3,0.6666666666666666,HLA-A*02:11,YFAMYGEKVAHIDVDTLYVRYHYYTWAVLAYTWY,0,0.0
DEMVCKWLL,SRMVCKWLY,"1|D/S,2|E/R,9|L/Y",3,0.6666666666666666,HLA-A*02:11,YFAMYGEKVAHIDVDTLYVRYHYYTWAVLAYTWY,0,0.0
DEMVCKWLL,REMPCKWLF,"1|D/R,4|V/P,9|L/F",3,0.6666666666666666,HLA-A*02:11,YFAMYGEKVAHIDVDTLYVRYHYYTWAVLAYTWY,0,0.0008
DEMVCKWLL,ALMVCLWLL,"1|D/A,2|E/L,6|K/L",3,0.6666666666666666,HLA-A*02:11,YFAMYGEKVAHIDVDTLYVRYHYYTWAVLAYTWY,1,0.9917
DEMVCKWLL,ALMDCKWLL,"1|D/A,2|E/L,4|V/D",3,0.6666666666666666,HLA-A*02:11,YFAMYGEKVAHIDVDTLYVRYHYYTWAVLAYTWY,1,1.0
DEMVCKWLL,REMVCLWLY,"1|D/R,6|K/L,9|L/Y",3,0.6666666666666666,HLA-A*02:11,YFAMYGEKVAHIDVDTLYVRYHYYTWAVLAYTWY,0,0.0
DEMVCKWLL,AEMECKWLY,"1|D/A,4|V/E,9|L/Y",3,0.6666666666666666,HLA-A*02:11,YFAMYGEKVAHIDVDTLYVRYHYYTWAVLAYTWY,0,0.0004
DEMVCKWLL,DRMPCKWAL,"2|E/R,4|V/P,8|L/A",3,0.6666666666666666,HLA-A*02:11,YFAMYGEKVAHIDVDTLYVRYHYYTWAVLAYTWY,0,0.0
DEMVCKWLL,REMVCIWLF,"1|D/R,6|K/I,9|L/F",3,0.6666666666666666,HLA-A*02:11,YFAMYGEKVAHIDVDTLYVRYHYYTWAVLAYTWY,0,0.0
DEMVCKWLL,SEMVCVWLF,"1|D/S,6|K/V,9|L/F",3,0.6666666666666666,HLA-A*02:11,YFAMYGEKVAHIDVDTLYVRYHYYTWAVLAYTWY,0,1e-04
DEMVCKWLL,SRMVCLWLL,"1|D/S,2|E/R,6|K/L",3,0.6666666666666666,HLA-A*02:11,YFAMYGEKVAHIDVDTLYVRYHYYTWAVLAYTWY,0,1e-04
DEMVCKWLL,AEMVCVWLY,"1|D/A,6|K/V,9|L/Y",3,0.6666666666666666,HLA-A*02:11,YFAMYGEKVAHIDVDTLYVRYHYYTWAVLAYTWY,0,0.0003
DEMVCKWLL,REMECKWLY,"1|D/R,4|V/E,9|L/Y",3,0.6666666666666666,HLA-A*02:11,YFAMYGEKVAHIDVDTLYVRYHYYTWAVLAYTWY,0,0.0
DEMVCKWLL,RRDVCKWLL,"1|D/R,2|E/R,3|M/D",3,0.7777777777777778,HLA-A*02:11,YFAMYGEKVAHIDVDTLYVRYHYYTWAVLAYTWY,0,1e-04
DEMVCKWLL,DEMDCKWTY,"4|V/D,8|L/T,9|L/Y",3,0.6666666666666666,HLA-A*02:11,YFAMYGEKVAHIDVDTLYVRYHYYTWAVLAYTWY,0,0.0
DEMVCKWLL,SEMVCLWLY,"1|D/S,6|K/L,9|L/Y",3,0.6666666666666666,HLA-A*02:11,YFAMYGEKVAHIDVDTLYVRYHYYTWAVLAYTWY,0,1e-04
DEMVCKWLL,DLMDCKWTL,"2|E/L,4|V/D,8|L/T",3,0.6666666666666666,HLA-A*02:11,YFAMYGEKVAHIDVDTLYVRYHYYTWAVLAYTWY,1,0.9998
DEMVCKWLL,RRMECKWLL,"1|D/R,2|E/R,4|V/E",3,0.6666666666666666,HLA-A*02:11,YFAMYGEKVAHIDVDTLYVRYHYYTWAVLAYTWY,0,0.0
DEMVCKWLL,DLMPCKWAL,"2|E/L,4|V/P,8|L/A",3,0.6666666666666666,HLA-A*02:11,YFAMYGEKVAHIDVDTLYVRYHYYTWAVLAYTWY,1,0.9997
DEMVCKWLL,SRMECKWLL,"1|D/S,2|E/R,4|V/E",3,0.6666666666666666,HLA-A*02:11,YFAMYGEKVAHIDVDTLYVRYHYYTWAVLAYTWY,0,0.0002
DEMVCKWLL,DEMECKWSF,"4|V/E,8|L/S,9|L/F",3,0.6666666666666666,HLA-A*02:11,YFAMYGEKVAHIDVDTLYVRYHYYTWAVLAYTWY,0,0.0
DEMVCKWLL,REMDCKWLY,"1|D/R,4|V/D,9|L/Y",3,0.6666666666666666,HLA-A*02:11,YFAMYGEKVAHIDVDTLYVRYHYYTWAVLAYTWY,0,0.0
DEMVCKWLL,DRMECKWLY,"2|E/R,4|V/E,9|L/Y",3,0.6666666666666666,HLA-A*02:11,YFAMYGEKVAHIDVDTLYVRYHYYTWAVLAYTWY,0,0.0
DEMVCKWLL,SLMDCKWLL,"1|D/S,2|E/L,4|V/D",3,0.6666666666666666,HLA-A*02:11,YFAMYGEKVAHIDVDTLYVRYHYYTWAVLAYTWY,1,1.0
DEMVCKWLL,ARDVCKWLL,"1|D/A,2|E/R,3|M/D",3,0.7777777777777778,HLA-A*02:11,YFAMYGEKVAHIDVDTLYVRYHYYTWAVLAYTWY,0,0.0
DEMVCKWLL,AEAVCKWLY,"1|D/A,3|M/A,9|L/Y",3,0.6666666666666666,HLA-A*02:11,YFAMYGEKVAHIDVDTLYVRYHYYTWAVLAYTWY,0,1e-04
DEMVCKWLL,REMECKWLF,"1|D/R,4|V/E,9|L/F",3,0.6666666666666666,HLA-A*02:11,YFAMYGEKVAHIDVDTLYVRYHYYTWAVLAYTWY,0,1e-04
DEMVCKWLL,DEMECKWTY,"4|V/E,8|L/T,9|L/Y",3,0.6666666666666666,HLA-A*02:11,YFAMYGEKVAHIDVDTLYVRYHYYTWAVLAYTWY,0,0.0
DEMVCKWLL,DEMPCKWAY,"4|V/P,8|L/A,9|L/Y",3,0.6666666666666666,HLA-A*02:11,YFAMYGEKVAHIDVDTLYVRYHYYTWAVLAYTWY,0,0.0
DEMVCKWLL,ALMVCVWLL,"1|D/A,2|E/L,6|K/V",3,0.6666666666666666,HLA-A*02:11,YFAMYGEKVAHIDVDTLYVRYHYYTWAVLAYTWY,1,0.9993
DEMVCKWLL,RRAVCKWLL,"1|D/R,2|E/R,3|M/A",3,0.6666666666666666,HLA-A*02:11,YFAMYGEKVAHIDVDTLYVRYHYYTWAVLAYTWY,0,0.0
DEMVCKWLL,RLMVCKWLF,"1|D/R,2|E/L,9|L/F",3,0.6666666666666666,HLA-A*02:11,YFAMYGEKVAHIDVDTLYVRYHYYTWAVLAYTWY,0,0.0866
DEMVCKWLL,RRMVCLWLL,"1|D/R,2|E/R,6|K/L",3,0.6666666666666666,HLA-A*02:11,YFAMYGEKVAHIDVDTLYVRYHYYTWAVLAYTWY,0,0.0
DEMVCKWLL,SEDVCKWLY,"1|D/S,3|M/D,9|L/Y",3,0.6666666666666666,HLA-A*02:11,YFAMYGEKVAHIDVDTLYVRYHYYTWAVLAYTWY,0,0.0006
DEMVCKWLL,RRMVCVWLL,"1|D/R,2|E/R,6|K/V",3,0.6666666666666666,HLA-A*02:11,YFAMYGEKVAHIDVDTLYVRYHYYTWAVLAYTWY,0,0.0
DEMVCKWLL,AEMPCKWLF,"1|D/A,4|V/P,9|L/F",3,0.6666666666666666,HLA-A*02:11,YFAMYGEKVAHIDVDTLYVRYHYYTWAVLAYTWY,0,0.0051
DEMVCKWLL,SLMVCVWLL,"1|D/S,2|E/L,6|K/V",3,0.6666666666666666,HLA-A*02:11,YFAMYGEKVAHIDVDTLYVRYHYYTWAVLAYTWY,1,1.0
DEMVCKWLL,DEMDCKWTF,"4|V/D,8|L/T,9|L/F",3,0.6666666666666666,HLA-A*02:11,YFAMYGEKVAHIDVDTLYVRYHYYTWAVLAYTWY,0,0.0
DEMVCKWLL,SEMVCIWLY,"1|D/S,6|K/I,9|L/Y",3,0.6666666666666666,HLA-A*02:11,YFAMYGEKVAHIDVDTLYVRYHYYTWAVLAYTWY,0,0.0
DEMVCKWLL,DEMDCKWAY,"4|V/D,8|L/A,9|L/Y",3,0.6666666666666666,HLA-A*02:11,YFAMYGEKVAHIDVDTLYVRYHYYTWAVLAYTWY,0,0.0
DEMVCKWLL,SEMDCKWLF,"1|D/S,4|V/D,9|L/F",3,0.6666666666666666,HLA-A*02:11,YFAMYGEKVAHIDVDTLYVRYHYYTWAVLAYTWY,0,0.0009
DEMVCKWLL,ALMVCKWLY,"1|D/A,2|E/L,9|L/Y",3,0.6666666666666666,HLA-A*02:11,YFAMYGEKVAHIDVDTLYVRYHYYTWAVLAYTWY,0,0.0
DEMVCKWLL,ARMVCLWLL,"1|D/A,2|E/R,6|K/L",3,0.6666666666666666,HLA-A*02:11,YFAMYGEKVAHIDVDTLYVRYHYYTWAVLAYTWY,0,0.0
DEMVCKWLL,REMVCVWLF,"1|D/R,6|K/V,9|L/F",3,0.6666666666666666,HLA-A*02:11,YFAMYGEKVAHIDVDTLYVRYHYYTWAVLAYTWY,0,0.0
DEMVCKWLL,RLMVCVWLL,"1|D/R,2|E/L,6|K/V",3,0.6666666666666666,HLA-A*02:11,YFAMYGEKVAHIDVDTLYVRYHYYTWAVLAYTWY,1,0.9995
DEMVCKWLL,SELVCKWLY,"1|D/S,3|M/L,9|L/Y",3,0.6666666666666666,HLA-A*02:11,YFAMYGEKVAHIDVDTLYVRYHYYTWAVLAYTWY,0,0.0
DEMVCKWLL,DEMPCKWTF,"4|V/P,8|L/T,9|L/F",3,0.6666666666666666,HLA-A*02:11,YFAMYGEKVAHIDVDTLYVRYHYYTWAVLAYTWY,0,0.0
DEMVCKWLL,ARMVCVWLL,"1|D/A,2|E/R,6|K/V",3,0.6666666666666666,HLA-A*02:11,YFAMYGEKVAHIDVDTLYVRYHYYTWAVLAYTWY,0,0.0
DEMVCKWLL,AEMVCLWLY,"1|D/A,6|K/L,9|L/Y",3,0.6666666666666666,HLA-A*02:11,YFAMYGEKVAHIDVDTLYVRYHYYTWAVLAYTWY,0,0.0003
DEMVCKWLL,DRMECKWSL,"2|E/R,4|V/E,8|L/S",3,0.6666666666666666,HLA-A*02:11,YFAMYGEKVAHIDVDTLYVRYHYYTWAVLAYTWY,0,0.0
DEMVCKWLL,DEMPCKWSF,"4|V/P,8|L/S,9|L/F",3,0.6666666666666666,HLA-A*02:11,YFAMYGEKVAHIDVDTLYVRYHYYTWAVLAYTWY,0,1e-04
DEMVCKWLL,AEDVCKWLF,"1|D/A,3|M/D,9|L/F",3,0.6666666666666666,HLA-A*02:11,YFAMYGEKVAHIDVDTLYVRYHYYTWAVLAYTWY,0,0.0018
DEMVCKWLL,SLMECKWLL,"1|D/S,2|E/L,4|V/E",3,0.6666666666666666,HLA-A*02:11,YFAMYGEKVAHIDVDTLYVRYHYYTWAVLAYTWY,1,1.0
DEMVCKWLL,DLMECKWLY,"2|E/L,4|V/E,9|L/Y",3,0.6666666666666666,HLA-A*02:11,YFAMYGEKVAHIDVDTLYVRYHYYTWAVLAYTWY,0,1e-04
DEMVCKWLL,SRAVCKWLL,"1|D/S,2|E/R,3|M/A",3,0.6666666666666666,HLA-A*02:11,YFAMYGEKVAHIDVDTLYVRYHYYTWAVLAYTWY,0,0.0
DEMVCKWLL,AEMDCKWLY,"1|D/A,4|V/D,9|L/Y",3,0.6666666666666666,HLA-A*02:11,YFAMYGEKVAHIDVDTLYVRYHYYTWAVLAYTWY,0,0.0004
DEMVCKWLL,AEAVCKWLF,"1|D/A,3|M/A,9|L/F",3,0.6666666666666666,HLA-A*02:11,YFAMYGEKVAHIDVDTLYVRYHYYTWAVLAYTWY,0,0.0
DEMVCKWLL,SRMPCKWLL,"1|D/S,2|E/R,4|V/P",3,0.6666666666666666,HLA-A*02:11,YFAMYGEKVAHIDVDTLYVRYHYYTWAVLAYTWY,0,0.0009
DEMVCKWLL,DRMECKWTL,"2|E/R,4|V/E,8|L/T",3,0.6666666666666666,HLA-A*02:11,YFAMYGEKVAHIDVDTLYVRYHYYTWAVLAYTWY,0,0.0
DEMVCKWLL,ALMVCIWLL,"1|D/A,2|E/L,6|K/I",3,0.6666666666666666,HLA-A*02:11,YFAMYGEKVAHIDVDTLYVRYHYYTWAVLAYTWY,1,0.9893
DEMVCKWLL,SEMPCKWLY,"1|D/S,4|V/P,9|L/Y",3,0.6666666666666666,HLA-A*02:11,YFAMYGEKVAHIDVDTLYVRYHYYTWAVLAYTWY,0,0.0
DEMVCKWLL,DLMECKWTL,"2|E/L,4|V/E,8|L/T",3,0.6666666666666666,HLA-A*02:11,YFAMYGEKVAHIDVDTLYVRYHYYTWAVLAYTWY,1,0.999
DEMVCKWLL,SRMVCKWLF,"1|D/S,2|E/R,9|L/F",3,0.6666666666666666,HLA-A*02:11,YFAMYGEKVAHIDVDTLYVRYHYYTWAVLAYTWY,0,0.0
DEMVCKWLL,SEDVCKWLF,"1|D/S,3|M/D,9|L/F",3,0.6666666666666666,HLA-A*02:11,YFAMYGEKVAHIDVDTLYVRYHYYTWAVLAYTWY,0,0.0005
DEMVCKWLL,RRMVCKWLY,"1|D/R,2|E/R,9|L/Y",3,0.6666666666666666,HLA-A*02:11,YFAMYGEKVAHIDVDTLYVRYHYYTWAVLAYTWY,0,0.0
DEMVCKWLL,SLMVCLWLL,"1|D/S,2|E/L,6|K/L",3,0.6666666666666666,HLA-A*02:11,YFAMYGEKVAHIDVDTLYVRYHYYTWAVLAYTWY,1,0.9997
DEMVCKWLL,AEMVCVWLF,"1|D/A,6|K/V,9|L/F",3,0.6666666666666666,HLA-A*02:11,YFAMYGEKVAHIDVDTLYVRYHYYTWAVLAYTWY,0,1e-04
DEMVCKWLL,RLMVCIWLL,"1|D/R,2|E/L,6|K/I",3,0.6666666666666666,HLA-A*02:11,YFAMYGEKVAHIDVDTLYVRYHYYTWAVLAYTWY,1,0.9984
DEMVCKWLL,SELVCKWLF,"1|D/S,3|M/L,9|L/F",3,0.6666666666666666,HLA-A*02:11,YFAMYGEKVAHIDVDTLYVRYHYYTWAVLAYTWY,0,1e-04
DEMVCKWLL,SEMVCLWLF,"1|D/S,6|K/L,9|L/F",3,0.6666666666666666,HLA-A*02:11,YFAMYGEKVAHIDVDTLYVRYHYYTWAVLAYTWY,0,0.0002
DEMVCKWLL,DRMDCKWLY,"2|E/R,4|V/D,9|L/Y",3,0.6666666666666666,HLA-A*02:11,YFAMYGEKVAHIDVDTLYVRYHYYTWAVLAYTWY,0,0.0
DEMVCKWLL,DRMECKWAL,"2|E/R,4|V/E,8|L/A",3,0.6666666666666666,HLA-A*02:11,YFAMYGEKVAHIDVDTLYVRYHYYTWAVLAYTWY,0,0.0
DEMVCKWLL,SEMVCIWLF,"1|D/S,6|K/I,9|L/F",3,0.6666666666666666,HLA-A*02:11,YFAMYGEKVAHIDVDTLYVRYHYYTWAVLAYTWY,0,0.0
DEMVCKWLL,ARMECKWLL,"1|D/A,2|E/R,4|V/E",3,0.6666666666666666,HLA-A*02:11,YFAMYGEKVAHIDVDTLYVRYHYYTWAVLAYTWY,0,0.0
DEMVCKWLL,RRMVCKWLF,"1|D/R,2|E/R,9|L/F",3,0.6666666666666666,HLA-A*02:11,YFAMYGEKVAHIDVDTLYVRYHYYTWAVLAYTWY,0,0.0
DEMVCKWLL,REMVCIWLY,"1|D/R,6|K/I,9|L/Y",3,0.6666666666666666,HLA-A*02:11,YFAMYGEKVAHIDVDTLYVRYHYYTWAVLAYTWY,0,0.0
DEMVCKWLL,RRMVCIWLL,"1|D/R,2|E/R,6|K/I",3,0.6666666666666666,HLA-A*02:11,YFAMYGEKVAHIDVDTLYVRYHYYTWAVLAYTWY,0,0.0
DEMVCKWLL,RLLVCKWLL,"1|D/R,2|E/L,3|M/L",3,0.6666666666666666,HLA-A*02:11,YFAMYGEKVAHIDVDTLYVRYHYYTWAVLAYTWY,1,0.8371
DEMVCKWLL,SEMDCKWLY,"1|D/S,4|V/D,9|L/Y",3,0.6666666666666666,HLA-A*02:11,YFAMYGEKVAHIDVDTLYVRYHYYTWAVLAYTWY,0,0.0
DEMVCKWLL,AEMVCLWLF,"1|D/A,6|K/L,9|L/F",3,0.6666666666666666,HLA-A*02:11,YFAMYGEKVAHIDVDTLYVRYHYYTWAVLAYTWY,0,0.0004
DEMVCKWLL,AEMVCIWLY,"1|D/A,6|K/I,9|L/Y",3,0.6666666666666666,HLA-A*02:11,YFAMYGEKVAHIDVDTLYVRYHYYTWAVLAYTWY,0,0.0002
DEMVCKWLL,DRMPCKWLF,"2|E/R,4|V/P,9|L/F",3,0.6666666666666666,HLA-A*02:11,YFAMYGEKVAHIDVDTLYVRYHYYTWAVLAYTWY,0,0.0
DEMVCKWLL,SEMECKWLF,"1|D/S,4|V/E,9|L/F",3,0.6666666666666666,HLA-A*02:11,YFAMYGEKVAHIDVDTLYVRYHYYTWAVLAYTWY,0,0.0007
DEMVCKWLL,REMDCKWLF,"1|D/R,4|V/D,9|L/F",3,0.6666666666666666,HLA-A*02:11,YFAMYGEKVAHIDVDTLYVRYHYYTWAVLAYTWY,0,0.0002
DEMVCKWLL,SEAVCKWLF,"1|D/S,3|M/A,9|L/F",3,0.6666666666666666,HLA-A*02:11,YFAMYGEKVAHIDVDTLYVRYHYYTWAVLAYTWY,0,1e-04
DEMVCKWLL,DEMPCKWSY,"4|V/P,8|L/S,9|L/Y",3,0.6666666666666666,HLA-A*02:11,YFAMYGEKVAHIDVDTLYVRYHYYTWAVLAYTWY,0,0.0
DEMVCKWLL,AEMDCKWLF,"1|D/A,4|V/D,9|L/F",3,0.6666666666666666,HLA-A*02:11,YFAMYGEKVAHIDVDTLYVRYHYYTWAVLAYTWY,0,0.0189
DEMVCKWLL,ARAVCKWLL,"1|D/A,2|E/R,3|M/A",3,0.6666666666666666,HLA-A*02:11,YFAMYGEKVAHIDVDTLYVRYHYYTWAVLAYTWY,0,0.0
DEMVCKWLL,ARMPCKWLL,"1|D/A,2|E/R,4|V/P",3,0.6666666666666666,HLA-A*02:11,YFAMYGEKVAHIDVDTLYVRYHYYTWAVLAYTWY,0,0.0
DEMVCKWLL,AEMECKWLF,"1|D/A,4|V/E,9|L/F",3,0.6666666666666666,HLA-A*02:11,YFAMYGEKVAHIDVDTLYVRYHYYTWAVLAYTWY,0,0.0043
DEMVCKWLL,SLDVCKWLL,"1|D/S,2|E/L,3|M/D",3,0.7777777777777778,HLA-A*02:11,YFAMYGEKVAHIDVDTLYVRYHYYTWAVLAYTWY,1,0.999
DEMVCKWLL,RLDVCKWLL,"1|D/R,2|E/L,3|M/D",3,0.7777777777777778,HLA-A*02:11,YFAMYGEKVAHIDVDTLYVRYHYYTWAVLAYTWY,1,0.9796
DEMVCKWLL,SLMVCIWLL,"1|D/S,2|E/L,6|K/I",3,0.6666666666666666,HLA-A*02:11,YFAMYGEKVAHIDVDTLYVRYHYYTWAVLAYTWY,1,1.0
DEMVCKWLL,SRMDCKWLL,"1|D/S,2|E/R,4|V/D",3,0.6666666666666666,HLA-A*02:11,YFAMYGEKVAHIDVDTLYVRYHYYTWAVLAYTWY,0,0.0008
DEMVCKWLL,RRMDCKWLL,"1|D/R,2|E/R,4|V/D",3,0.6666666666666666,HLA-A*02:11,YFAMYGEKVAHIDVDTLYVRYHYYTWAVLAYTWY,0,0.0006
DEMVCKWLL,SLMVCKWLF,"1|D/S,2|E/L,9|L/F",3,0.6666666666666666,HLA-A*02:11,YFAMYGEKVAHIDVDTLYVRYHYYTWAVLAYTWY,0,0.0227
DEMVCKWLL,ARMVCKWLF,"1|D/A,2|E/R,9|L/F",3,0.6666666666666666,HLA-A*02:11,YFAMYGEKVAHIDVDTLYVRYHYYTWAVLAYTWY,0,0.0
DEMVCKWLL,ALMECKWLL,"1|D/A,2|E/L,4|V/E",3,0.6666666666666666,HLA-A*02:11,YFAMYGEKVAHIDVDTLYVRYHYYTWAVLAYTWY,1,1.0
DEMVCKWLL,AELVCKWLY,"1|D/A,3|M/L,9|L/Y",3,0.6666666666666666,HLA-A*02:11,YFAMYGEKVAHIDVDTLYVRYHYYTWAVLAYTWY,0,0.0002
DEMVCKWLL,RRLVCKWLL,"1|D/R,2|E/R,3|M/L",3,0.6666666666666666,HLA-A*02:11,YFAMYGEKVAHIDVDTLYVRYHYYTWAVLAYTWY,0,0.0
DEMVCKWLL,SLMVCKWLY,"1|D/S,2|E/L,9|L/Y",3,0.6666666666666666,HLA-A*02:11,YFAMYGEKVAHIDVDTLYVRYHYYTWAVLAYTWY,0,1e-04
DEMVCKWLL,ARMVCIWLL,"1|D/A,2|E/R,6|K/I",3,0.6666666666666666,HLA-A*02:11,YFAMYGEKVAHIDVDTLYVRYHYYTWAVLAYTWY,0,0.0
DEMVCKWLL,DLMPCKWSL,"2|E/L,4|V/P,8|L/S",3,0.6666666666666666,HLA-A*02:11,YFAMYGEKVAHIDVDTLYVRYHYYTWAVLAYTWY,1,0.9994
DEMVCKWLL,DRMPCKWLY,"2|E/R,4|V/P,9|L/Y",3,0.6666666666666666,HLA-A*02:11,YFAMYGEKVAHIDVDTLYVRYHYYTWAVLAYTWY,0,0.0
DEMVCKWLL,DEMDCKWSY,"4|V/D,8|L/S,9|L/Y",3,0.6666666666666666,HLA-A*02:11,YFAMYGEKVAHIDVDTLYVRYHYYTWAVLAYTWY,0,0.0
DEMVCKWLL,RLMDCKWLL,"1|D/R,2|E/L,4|V/D",3,0.6666666666666666,HLA-A*02:11,YFAMYGEKVAHIDVDTLYVRYHYYTWAVLAYTWY,1,1.0
DEMVCKWLL,SEAVCKWLY,"1|D/S,3|M/A,9|L/Y",3,0.6666666666666666,HLA-A*02:11,YFAMYGEKVAHIDVDTLYVRYHYYTWAVLAYTWY,0,0.0
DEMVCKWLL,ALMVCKWLF,"1|D/A,2|E/L,9|L/F",3,0.6666666666666666,HLA-A*02:11,YFAMYGEKVAHIDVDTLYVRYHYYTWAVLAYTWY,0,0.0087
DEMVCKWLL,DLMPCKWTL,"2|E/L,4|V/P,8|L/T",3,0.6666666666666666,HLA-A*02:11,YFAMYGEKVAHIDVDTLYVRYHYYTWAVLAYTWY,1,0.9999
DEMVCKWLL,ALLVCKWLL,"1|D/A,2|E/L,3|M/L",3,0.6666666666666666,HLA-A*02:11,YFAMYGEKVAHIDVDTLYVRYHYYTWAVLAYTWY,1,0.6886
DEMVCKWLL,DEMPCKWTY,"4|V/P,8|L/T,9|L/Y",3,0.6666666666666666,HLA-A*02:11,YFAMYGEKVAHIDVDTLYVRYHYYTWAVLAYTWY,0,0.0
DEMVCKWLL,REMVCLWLF,"1|D/R,6|K/L,9|L/F",3,0.6666666666666666,HLA-A*02:11,YFAMYGEKVAHIDVDTLYVRYHYYTWAVLAYTWY,0,1e-04
DEMVCKWLL,AELVCKWLF,"1|D/A,3|M/L,9|L/F",3,0.6666666666666666,HLA-A*02:11,YFAMYGEKVAHIDVDTLYVRYHYYTWAVLAYTWY,0,0.001
DEMVCKWLL,AEDVCKWLY,"1|D/A,3|M/D,9|L/Y",3,0.6666666666666666,HLA-A*02:11,YFAMYGEKVAHIDVDTLYVRYHYYTWAVLAYTWY,0,0.002
DEMVCKWLL,ALAVCKWLL,"1|D/A,2|E/L,3|M/A",3,0.6666666666666666,HLA-A*02:11,YFAMYGEKVAHIDVDTLYVRYHYYTWAVLAYTWY,1,0.9689
DEMVCKWLL,DRMECKWTY,"2|E/R,4|V/E,8|L/T,9|L/Y",4,0.5555555555555556,HLA-A*02:11,YFAMYGEKVAHIDVDTLYVRYHYYTWAVLAYTWY,0,0.0
DEMVCKWLL,RRMVCIWLY,"1|D/R,2|E/R,6|K/I,9|L/Y",4,0.5555555555555556,HLA-A*02:11,YFAMYGEKVAHIDVDTLYVRYHYYTWAVLAYTWY,0,0.0
DEMVCKWLL,DRMPCKWSY,"2|E/R,4|V/P,8|L/S,9|L/Y",4,0.5555555555555556,HLA-A*02:11,YFAMYGEKVAHIDVDTLYVRYHYYTWAVLAYTWY,0,0.0
DEMVCKWLL,DRMECKWAY,"2|E/R,4|V/E,8|L/A,9|L/Y",4,0.5555555555555556,HLA-A*02:11,YFAMYGEKVAHIDVDTLYVRYHYYTWAVLAYTWY,0,0.0
DEMVCKWLL,SLMVCLWLF,"1|D/S,2|E/L,6|K/L,9|L/F",4,0.5555555555555556,HLA-A*02:11,YFAMYGEKVAHIDVDTLYVRYHYYTWAVLAYTWY,1,0.5085
DEMVCKWLL,RRMPCKWLY,"1|D/R,2|E/R,4|V/P,9|L/Y",4,0.5555555555555556,HLA-A*02:11,YFAMYGEKVAHIDVDTLYVRYHYYTWAVLAYTWY,0,0.0
DEMVCKWLL,DLMPCKWSF,"2|E/L,4|V/P,8|L/S,9|L/F",4,0.5555555555555556,HLA-A*02:11,YFAMYGEKVAHIDVDTLYVRYHYYTWAVLAYTWY,0,0.4789
DEMVCKWLL,ARMDCKWLF,"1|D/A,2|E/R,4|V/D,9|L/F",4,0.5555555555555556,HLA-A*02:11,YFAMYGEKVAHIDVDTLYVRYHYYTWAVLAYTWY,0,0.0
DEMVCKWLL,ALMDCKWLY,"1|D/A,2|E/L,4|V/D,9|L/Y",4,0.5555555555555556,HLA-A*02:11,YFAMYGEKVAHIDVDTLYVRYHYYTWAVLAYTWY,1,0.6498
DEMVCKWLL,SLMVCVWLY,"1|D/S,2|E/L,6|K/V,9|L/Y",4,0.5555555555555556,HLA-A*02:11,YFAMYGEKVAHIDVDTLYVRYHYYTWAVLAYTWY,0,0.0029
DEMVCKWLL,DRMDCKWSF,"2|E/R,4|V/D,8|L/S,9|L/F",4,0.5555555555555556,HLA-A*02:11,YFAMYGEKVAHIDVDTLYVRYHYYTWAVLAYTWY,0,0.0
DEMVCKWLL,ARMECKWLY,"1|D/A,2|E/R,4|V/E,9|L/Y",4,0.5555555555555556,HLA-A*02:11,YFAMYGEKVAHIDVDTLYVRYHYYTWAVLAYTWY,0,0.0
DEMVCKWLL,DRMDCKWTY,"2|E/R,4|V/D,8|L/T,9|L/Y",4,0.5555555555555556,HLA-A*02:11,YFAMYGEKVAHIDVDTLYVRYHYYTWAVLAYTWY,0,0.0
DEMVCKWLL,RLDVCKWLY,"1|D/R,2|E/L,3|M/D,9|L/Y",4,0.6666666666666666,HLA-A*02:11,YFAMYGEKVAHIDVDTLYVRYHYYTWAVLAYTWY,0,0.008
DEMVCKWLL,RRMVCIWLF,"1|D/R,2|E/R,6|K/I,9|L/F",4,0.5555555555555556,HLA-A*02:11,YFAMYGEKVAHIDVDTLYVRYHYYTWAVLAYTWY,0,0.0
DEMVCKWLL,ARMVCVWLY,"1|D/A,2|E/R,6|K/V,9|L/Y",4,0.5555555555555556,HLA-A*02:11,YFAMYGEKVAHIDVDTLYVRYHYYTWAVLAYTWY,0,0.0
DEMVCKWLL,RRMVCVWLY,"1|D/R,2|E/R,6|K/V,9|L/Y",4,0.5555555555555556,HLA-A*02:11,YFAMYGEKVAHIDVDTLYVRYHYYTWAVLAYTWY,0,0.0
DEMVCKWLL,ARDVCKWLY,"1|D/A,2|E/R,3|M/D,9|L/Y",4,0.6666666666666666,HLA-A*02:11,YFAMYGEKVAHIDVDTLYVRYHYYTWAVLAYTWY,0,0.0
DEMVCKWLL,SRMDCKWLF,"1|D/S,2|E/R,4|V/D,9|L/F",4,0.5555555555555556,HLA-A*02:11,YFAMYGEKVAHIDVDTLYVRYHYYTWAVLAYTWY,0,0.0
DEMVCKWLL,DRMPCKWAF,"2|E/R,4|V/P,8|L/A,9|L/F",4,0.5555555555555556,HLA-A*02:11,YFAMYGEKVAHIDVDTLYVRYHYYTWAVLAYTWY,0,0.0
DEMVCKWLL,DLMPCKWSY,"2|E/L,4|V/P,8|L/S,9|L/Y",4,0.5555555555555556,HLA-A*02:11,YFAMYGEKVAHIDVDTLYVRYHYYTWAVLAYTWY,0,0.0044
DEMVCKWLL,SRAVCKWLF,"1|D/S,2|E/R,3|M/A,9|L/F",4,0.5555555555555556,HLA-A*02:11,YFAMYGEKVAHIDVDTLYVRYHYYTWAVLAYTWY,0,0.0
DEMVCKWLL,SLLVCKWLY,"1|D/S,2|E/L,3|M/L,9|L/Y",4,0.5555555555555556,HLA-A*02:11,YFAMYGEKVAHIDVDTLYVRYHYYTWAVLAYTWY,0,0.0
DEMVCKWLL,DLMECKWAY,"2|E/L,4|V/E,8|L/A,9|L/Y",4,0.5555555555555556,HLA-A*02:11,YFAMYGEKVAHIDVDTLYVRYHYYTWAVLAYTWY,0,0.0015
DEMVCKWLL,RRMVCVWLF,"1|D/R,2|E/R,6|K/V,9|L/F",4,0.5555555555555556,HLA-A*02:11,YFAMYGEKVAHIDVDTLYVRYHYYTWAVLAYTWY,0,0.0
DEMVCKWLL,ARAVCKWLF,"1|D/A,2|E/R,3|M/A,9|L/F",4,0.5555555555555556,HLA-A*02:11,YFAMYGEKVAHIDVDTLYVRYHYYTWAVLAYTWY,0,0.0
DEMVCKWLL,RLAVCKWLY,"1|D/R,2|E/L,3|M/A,9|L/Y",4,0.5555555555555556,HLA-A*02:11,YFAMYGEKVAHIDVDTLYVRYHYYTWAVLAYTWY,0,0.0
DEMVCKWLL,RLMVCLWLY,"1|D/R,2|E/L,6|K/L,9|L/Y",4,0.5555555555555556,HLA-A*02:11,YFAMYGEKVAHIDVDTLYVRYHYYTWAVLAYTWY,0,0.0008
DEMVCKWLL,ALLVCKWLY,"1|D/A,2|E/L,3|M/L,9|L/Y",4,0.5555555555555556,HLA-A*02:11,YFAMYGEKVAHIDVDTLYVRYHYYTWAVLAYTWY,0,0.0
DEMVCKWLL,ARMPCKWLF,"1|D/A,2|E/R,4|V/P,9|L/F",4,0.5555555555555556,HLA-A*02:11,YFAMYGEKVAHIDVDTLYVRYHYYTWAVLAYTWY,0,0.0
DEMVCKWLL,DRMECKWSY,"2|E/R,4|V/E,8|L/S,9|L/Y",4,0.5555555555555556,HLA-A*02:11,YFAMYGEKVAHIDVDTLYVRYHYYTWAVLAYTWY,0,0.0
DEMVCKWLL,DRMDCKWAY,"2|E/R,4|V/D,8|L/A,9|L/Y",4,0.5555555555555556,HLA-A*02:11,YFAMYGEKVAHIDVDTLYVRYHYYTWAVLAYTWY,0,0.0
DEMVCKWLL,RLMPCKWLF,"1|D/R,2|E/L,4|V/P,9|L/F",4,0.5555555555555556,HLA-A*02:11,YFAMYGEKVAHIDVDTLYVRYHYYTWAVLAYTWY,1,0.9563
DEMVCKWLL,ALMVCLWLF,"1|D/A,2|E/L,6|K/L,9|L/F",4,0.5555555555555556,HLA-A*02:11,YFAMYGEKVAHIDVDTLYVRYHYYTWAVLAYTWY,0,0.2117
DEMVCKWLL,SLMDCKWLY,"1|D/S,2|E/L,4|V/D,9|L/Y",4,0.5555555555555556,HLA-A*02:11,YFAMYGEKVAHIDVDTLYVRYHYYTWAVLAYTWY,1,0.7009
DEMVCKWLL,ALMPCKWLY,"1|D/A,2|E/L,4|V/P,9|L/Y",4,0.5555555555555556,HLA-A*02:11,YFAMYGEKVAHIDVDTLYVRYHYYTWAVLAYTWY,0,0.0636
DEMVCKWLL,ALMPCKWLF,"1|D/A,2|E/L,4|V/P,9|L/F",4,0.5555555555555556,HLA-A*02:11,YFAMYGEKVAHIDVDTLYVRYHYYTWAVLAYTWY,1,0.78
DEMVCKWLL,ALMVCVWLY,"1|D/A,2|E/L,6|K/V,9|L/Y",4,0.5555555555555556,HLA-A*02:11,YFAMYGEKVAHIDVDTLYVRYHYYTWAVLAYTWY,0,0.0025
DEMVCKWLL,DLMDCKWAF,"2|E/L,4|V/D,8|L/A,9|L/F",4,0.5555555555555556,HLA-A*02:11,YFAMYGEKVAHIDVDTLYVRYHYYTWAVLAYTWY,0,0.2876
DEMVCKWLL,DRMECKWSF,"2|E/R,4|V/E,8|L/S,9|L/F",4,0.5555555555555556,HLA-A*02:11,YFAMYGEKVAHIDVDTLYVRYHYYTWAVLAYTWY,0,0.0
DEMVCKWLL,RLMVCIWLY,"1|D/R,2|E/L,6|K/I,9|L/Y",4,0.5555555555555556,HLA-A*02:11,YFAMYGEKVAHIDVDTLYVRYHYYTWAVLAYTWY,0,0.0015
DEMVCKWLL,SRMECKWLY,"1|D/S,2|E/R,4|V/E,9|L/Y",4,0.5555555555555556,HLA-A*02:11,YFAMYGEKVAHIDVDTLYVRYHYYTWAVLAYTWY,0,0.0
DEMVCKWLL,RLMECKWLF,"1|D/R,2|E/L,4|V/E,9|L/F",4,0.5555555555555556,HLA-A*02:11,YFAMYGEKVAHIDVDTLYVRYHYYTWAVLAYTWY,1,0.9825
DEMVCKWLL,DLMPCKWTF,"2|E/L,4|V/P,8|L/T,9|L/F",4,0.5555555555555556,HLA-A*02:11,YFAMYGEKVAHIDVDTLYVRYHYYTWAVLAYTWY,1,0.8331
DEMVCKWLL,DLMDCKWSF,"2|E/L,4|V/D,8|L/S,9|L/F",4,0.5555555555555556,HLA-A*02:11,YFAMYGEKVAHIDVDTLYVRYHYYTWAVLAYTWY,0,0.01
DEMVCKWLL,SRMVCLWLF,"1|D/S,2|E/R,6|K/L,9|L/F",4,0.5555555555555556,HLA-A*02:11,YFAMYGEKVAHIDVDTLYVRYHYYTWAVLAYTWY,0,0.0
DEMVCKWLL,DRMECKWAF,"2|E/R,4|V/E,8|L/A,9|L/F",4,0.5555555555555556,HLA-A*02:11,YFAMYGEKVAHIDVDTLYVRYHYYTWAVLAYTWY,0,0.0
DEMVCKWLL,DRMDCKWSY,"2|E/R,4|V/D,8|L/S,9|L/Y",4,0.5555555555555556,HLA-A*02:11,YFAMYGEKVAHIDVDTLYVRYHYYTWAVLAYTWY,0,0.0
DEMVCKWLL,RLMPCKWLY,"1|D/R,2|E/L,4|V/P,9|L/Y",4,0.5555555555555556,HLA-A*02:11,YFAMYGEKVAHIDVDTLYVRYHYYTWAVLAYTWY,0,0.3576
DEMVCKWLL,SRMVCVWLY,"1|D/S,2|E/R,6|K/V,9|L/Y",4,0.5555555555555556,HLA-A*02:11,YFAMYGEKVAHIDVDTLYVRYHYYTWAVLAYTWY,0,0.0
DEMVCKWLL,SRMPCKWLF,"1|D/S,2|E/R,4|V/P,9|L/F",4,0.5555555555555556,HLA-A*02:11,YFAMYGEKVAHIDVDTLYVRYHYYTWAVLAYTWY,0,0.0
DEMVCKWLL,ALMECKWLY,"1|D/A,2|E/L,4|V/E,9|L/Y",4,0.5555555555555556,HLA-A*02:11,YFAMYGEKVAHIDVDTLYVRYHYYTWAVLAYTWY,0,0.0399
DEMVCKWLL,RRAVCKWLF,"1|D/R,2|E/R,3|M/A,9|L/F",4,0.5555555555555556,HLA-A*02:11,YFAMYGEKVAHIDVDTLYVRYHYYTWAVLAYTWY,0,0.0
DEMVCKWLL,RRDVCKWLF,"1|D/R,2|E/R,3|M/D,9|L/F",4,0.6666666666666666,HLA-A*02:11,YFAMYGEKVAHIDVDTLYVRYHYYTWAVLAYTWY,0,0.0
DEMVCKWLL,RRMVCLWLF,"1|D/R,2|E/R,6|K/L,9|L/F",4,0.5555555555555556,HLA-A*02:11,YFAMYGEKVAHIDVDTLYVRYHYYTWAVLAYTWY,0,0.0
DEMVCKWLL,SLMVCIWLY,"1|D/S,2|E/L,6|K/I,9|L/Y",4,0.5555555555555556,HLA-A*02:11,YFAMYGEKVAHIDVDTLYVRYHYYTWAVLAYTWY,0,0.0023
DEMVCKWLL,ALMVCIWLY,"1|D/A,2|E/L,6|K/I,9|L/Y",4,0.5555555555555556,HLA-A*02:11,YFAMYGEKVAHIDVDTLYVRYHYYTWAVLAYTWY,0,0.0007
DEMVCKWLL,SLDVCKWLY,"1|D/S,2|E/L,3|M/D,9|L/Y",4,0.6666666666666666,HLA-A*02:11,YFAMYGEKVAHIDVDTLYVRYHYYTWAVLAYTWY,0,0.0158
DEMVCKWLL,RRDVCKWLY,"1|D/R,2|E/R,3|M/D,9|L/Y",4,0.6666666666666666,HLA-A*02:11,YFAMYGEKVAHIDVDTLYVRYHYYTWAVLAYTWY,0,0.0
DEMVCKWLL,SLLVCKWLF,"1|D/S,2|E/L,3|M/L,9|L/F",4,0.5555555555555556,HLA-A*02:11,YFAMYGEKVAHIDVDTLYVRYHYYTWAVLAYTWY,0,0.0015
DEMVCKWLL,ARAVCKWLY,"1|D/A,2|E/R,3|M/A,9|L/Y",4,0.5555555555555556,HLA-A*02:11,YFAMYGEKVAHIDVDTLYVRYHYYTWAVLAYTWY,0,0.0
DEMVCKWLL,RRMECKWLF,"1|D/R,2|E/R,4|V/E,9|L/F",4,0.5555555555555556,HLA-A*02:11,YFAMYGEKVAHIDVDTLYVRYHYYTWAVLAYTWY,0,0.0
DEMVCKWLL,SRAVCKWLY,"1|D/S,2|E/R,3|M/A,9|L/Y",4,0.5555555555555556,HLA-A*02:11,YFAMYGEKVAHIDVDTLYVRYHYYTWAVLAYTWY,0,0.0
DEMVCKWLL,DLMECKWTY,"2|E/L,4|V/E,8|L/T,9|L/Y",4,0.5555555555555556,HLA-A*02:11,YFAMYGEKVAHIDVDTLYVRYHYYTWAVLAYTWY,0,0.0018
DEMVCKWLL,RLMDCKWLY,"1|D/R,2|E/L,4|V/D,9|L/Y",4,0.5555555555555556,HLA-A*02:11,YFAMYGEKVAHIDVDTLYVRYHYYTWAVLAYTWY,0,0.2034
DEMVCKWLL,DLMDCKWTY,"2|E/L,4|V/D,8|L/T,9|L/Y",4,0.5555555555555556,HLA-A*02:11,YFAMYGEKVAHIDVDTLYVRYHYYTWAVLAYTWY,0,0.005
DEMVCKWLL,RLMVCLWLF,"1|D/R,2|E/L,6|K/L,9|L/F",4,0.5555555555555556,HLA-A*02:11,YFAMYGEKVAHIDVDTLYVRYHYYTWAVLAYTWY,0,0.3649
DEMVCKWLL,ALAVCKWLY,"1|D/A,2|E/L,3|M/A,9|L/Y",4,0.5555555555555556,HLA-A*02:11,YFAMYGEKVAHIDVDTLYVRYHYYTWAVLAYTWY,0,0.0
DEMVCKWLL,ARLVCKWLF,"1|D/A,2|E/R,3|M/L,9|L/F",4,0.5555555555555556,HLA-A*02:11,YFAMYGEKVAHIDVDTLYVRYHYYTWAVLAYTWY,0,0.0
DEMVCKWLL,ARMVCVWLF,"1|D/A,2|E/R,6|K/V,9|L/F",4,0.5555555555555556,HLA-A*02:11,YFAMYGEKVAHIDVDTLYVRYHYYTWAVLAYTWY,0,0.0
DEMVCKWLL,SLAVCKWLY,"1|D/S,2|E/L,3|M/A,9|L/Y",4,0.5555555555555556,HLA-A*02:11,YFAMYGEKVAHIDVDTLYVRYHYYTWAVLAYTWY,0,0.0002
DEMVCKWLL,RLMVCVWLY,"1|D/R,2|E/L,6|K/V,9|L/Y",4,0.5555555555555556,HLA-A*02:11,YFAMYGEKVAHIDVDTLYVRYHYYTWAVLAYTWY,0,0.0018
DEMVCKWLL,DLMDCKWTF,"2|E/L,4|V/D,8|L/T,9|L/F",4,0.5555555555555556,HLA-A*02:11,YFAMYGEKVAHIDVDTLYVRYHYYTWAVLAYTWY,0,0.1416
DEMVCKWLL,ARMVCIWLF,"1|D/A,2|E/R,6|K/I,9|L/F",4,0.5555555555555556,HLA-A*02:11,YFAMYGEKVAHIDVDTLYVRYHYYTWAVLAYTWY,0,0.0
DEMVCKWLL,SRDVCKWLY,"1|D/S,2|E/R,3|M/D,9|L/Y",4,0.6666666666666666,HLA-A*02:11,YFAMYGEKVAHIDVDTLYVRYHYYTWAVLAYTWY,0,0.0
DEMVCKWLL,SRDVCKWLF,"1|D/S,2|E/R,3|M/D,9|L/F",4,0.6666666666666666,HLA-A*02:11,YFAMYGEKVAHIDVDTLYVRYHYYTWAVLAYTWY,0,0.0
DEMVCKWLL,RLMECKWLY,"1|D/R,2|E/L,4|V/E,9|L/Y",4,0.5555555555555556,HLA-A*02:11,YFAMYGEKVAHIDVDTLYVRYHYYTWAVLAYTWY,0,0.0452
DEMVCKWLL,SLMPCKWLY,"1|D/S,2|E/L,4|V/P,9|L/Y",4,0.5555555555555556,HLA-A*02:11,YFAMYGEKVAHIDVDTLYVRYHYYTWAVLAYTWY,0,0.0686
DEMVCKWLL,SLMVCLWLY,"1|D/S,2|E/L,6|K/L,9|L/Y",4,0.5555555555555556,HLA-A*02:11,YFAMYGEKVAHIDVDTLYVRYHYYTWAVLAYTWY,0,0.0005
DEMVCKWLL,RRMDCKWLY,"1|D/R,2|E/R,4|V/D,9|L/Y",4,0.5555555555555556,HLA-A*02:11,YFAMYGEKVAHIDVDTLYVRYHYYTWAVLAYTWY,0,0.0
DEMVCKWLL,DRMPCKWTF,"2|E/R,4|V/P,8|L/T,9|L/F",4,0.5555555555555556,HLA-A*02:11,YFAMYGEKVAHIDVDTLYVRYHYYTWAVLAYTWY,0,0.0
DEMVCKWLL,SRMVCIWLY,"1|D/S,2|E/R,6|K/I,9|L/Y",4,0.5555555555555556,HLA-A*02:11,YFAMYGEKVAHIDVDTLYVRYHYYTWAVLAYTWY,0,0.0
DEMVCKWLL,SRMECKWLF,"1|D/S,2|E/R,4|V/E,9|L/F",4,0.5555555555555556,HLA-A*02:11,YFAMYGEKVAHIDVDTLYVRYHYYTWAVLAYTWY,0,0.0
DEMVCKWLL,SRLVCKWLF,"1|D/S,2|E/R,3|M/L,9|L/F",4,0.5555555555555556,HLA-A*02:11,YFAMYGEKVAHIDVDTLYVRYHYYTWAVLAYTWY,0,0.0
DEMVCKWLL,DLMPCKWAY,"2|E/L,4|V/P,8|L/A,9|L/Y",4,0.5555555555555556,HLA-A*02:11,YFAMYGEKVAHIDVDTLYVRYHYYTWAVLAYTWY,0,0.0155
DEMVCKWLL,RLLVCKWLY,"1|D/R,2|E/L,3|M/L,9|L/Y",4,0.5555555555555556,HLA-A*02:11,YFAMYGEKVAHIDVDTLYVRYHYYTWAVLAYTWY,0,1e-04
DEMVCKWLL,SLMDCKWLF,"1|D/S,2|E/L,4|V/D,9|L/F",4,0.5555555555555556,HLA-A*02:11,YFAMYGEKVAHIDVDTLYVRYHYYTWAVLAYTWY,1,0.7089
DEMVCKWLL,SRMPCKWLY,"1|D/S,2|E/R,4|V/P,9|L/Y",4,0.5555555555555556,HLA-A*02:11,YFAMYGEKVAHIDVDTLYVRYHYYTWAVLAYTWY,0,0.0
DEMVCKWLL,ALAVCKWLF,"1|D/A,2|E/L,3|M/A,9|L/F",4,0.5555555555555556,HLA-A*02:11,YFAMYGEKVAHIDVDTLYVRYHYYTWAVLAYTWY,0,0.0006
DEMVCKWLL,RLMDCKWLF,"1|D/R,2|E/L,4|V/D,9|L/F",4,0.5555555555555556,HLA-A*02:11,YFAMYGEKVAHIDVDTLYVRYHYYTWAVLAYTWY,1,0.9593
DEMVCKWLL,ALMVCVWLF,"1|D/A,2|E/L,6|K/V,9|L/F",4,0.5555555555555556,HLA-A*02:11,YFAMYGEKVAHIDVDTLYVRYHYYTWAVLAYTWY,0,0.0582
DEMVCKWLL,ARMVCIWLY,"1|D/A,2|E/R,6|K/I,9|L/Y",4,0.5555555555555556,HLA-A*02:11,YFAMYGEKVAHIDVDTLYVRYHYYTWAVLAYTWY,0,0.0
DEMVCKWLL,DLMECKWTF,"2|E/L,4|V/E,8|L/T,9|L/F",4,0.5555555555555556,HLA-A*02:11,YFAMYGEKVAHIDVDTLYVRYHYYTWAVLAYTWY,0,0.2571
DEMVCKWLL,SRMVCIWLF,"1|D/S,2|E/R,6|K/I,9|L/F",4,0.5555555555555556,HLA-A*02:11,YFAMYGEKVAHIDVDTLYVRYHYYTWAVLAYTWY,0,0.0
DEMVCKWLL,SLDVCKWLF,"1|D/S,2|E/L,3|M/D,9|L/F",4,0.6666666666666666,HLA-A*02:11,YFAMYGEKVAHIDVDTLYVRYHYYTWAVLAYTWY,0,0.1225
DEMVCKWLL,ARMVCLWLY,"1|D/A,2|E/R,6|K/L,9|L/Y",4,0.5555555555555556,HLA-A*02:11,YFAMYGEKVAHIDVDTLYVRYHYYTWAVLAYTWY,0,0.0
DEMVCKWLL,RRAVCKWLY,"1|D/R,2|E/R,3|M/A,9|L/Y",4,0.5555555555555556,HLA-A*02:11,YFAMYGEKVAHIDVDTLYVRYHYYTWAVLAYTWY,0,0.0
DEMVCKWLL,SLMVCVWLF,"1|D/S,2|E/L,6|K/V,9|L/F",4,0.5555555555555556,HLA-A*02:11,YFAMYGEKVAHIDVDTLYVRYHYYTWAVLAYTWY,0,0.175
DEMVCKWLL,SRLVCKWLY,"1|D/S,2|E/R,3|M/L,9|L/Y",4,0.5555555555555556,HLA-A*02:11,YFAMYGEKVAHIDVDTLYVRYHYYTWAVLAYTWY,0,0.0
DEMVCKWLL,ALMVCIWLF,"1|D/A,2|E/L,6|K/I,9|L/F",4,0.5555555555555556,HLA-A*02:11,YFAMYGEKVAHIDVDTLYVRYHYYTWAVLAYTWY,0,0.0375
DEMVCKWLL,ARMVCLWLF,"1|D/A,2|E/R,6|K/L,9|L/F",4,0.5555555555555556,HLA-A*02:11,YFAMYGEKVAHIDVDTLYVRYHYYTWAVLAYTWY,0,0.0
DEMVCKWLL,ALDVCKWLF,"1|D/A,2|E/L,3|M/D,9|L/F",4,0.6666666666666666,HLA-A*02:11,YFAMYGEKVAHIDVDTLYVRYHYYTWAVLAYTWY,0,0.3258
DEMVCKWLL,DLMECKWAF,"2|E/L,4|V/E,8|L/A,9|L/F",4,0.5555555555555556,HLA-A*02:11,YFAMYGEKVAHIDVDTLYVRYHYYTWAVLAYTWY,0,0.1689
DEMVCKWLL,DLMDCKWAY,"2|E/L,4|V/D,8|L/A,9|L/Y",4,0.5555555555555556,HLA-A*02:11,YFAMYGEKVAHIDVDTLYVRYHYYTWAVLAYTWY,0,0.0063
DEMVCKWLL,RRMECKWLY,"1|D/R,2|E/R,4|V/E,9|L/Y",4,0.5555555555555556,HLA-A*02:11,YFAMYGEKVAHIDVDTLYVRYHYYTWAVLAYTWY,0,0.0
DEMVCKWLL,DLMPCKWTY,"2|E/L,4|V/P,8|L/T,9|L/Y",4,0.5555555555555556,HLA-A*02:11,YFAMYGEKVAHIDVDTLYVRYHYYTWAVLAYTWY,0,0.0489
DEMVCKWLL,DLMECKWSF,"2|E/L,4|V/E,8|L/S,9|L/F",4,0.5555555555555556,HLA-A*02:11,YFAMYGEKVAHIDVDTLYVRYHYYTWAVLAYTWY,0,0.1375
DEMVCKWLL,DRMDCKWTF,"2|E/R,4|V/D,8|L/T,9|L/F",4,0.5555555555555556,HLA-A*02:11,YFAMYGEKVAHIDVDTLYVRYHYYTWAVLAYTWY,0,0.0
DEMVCKWLL,ALMDCKWLF,"1|D/A,2|E/L,4|V/D,9|L/F",4,0.5555555555555556,HLA-A*02:11,YFAMYGEKVAHIDVDTLYVRYHYYTWAVLAYTWY,1,0.9898
DEMVCKWLL,ALMVCLWLY,"1|D/A,2|E/L,6|K/L,9|L/Y",4,0.5555555555555556,HLA-A*02:11,YFAMYGEKVAHIDVDTLYVRYHYYTWAVLAYTWY,0,1e-04
DEMVCKWLL,DRMDCKWAF,"2|E/R,4|V/D,8|L/A,9|L/F",4,0.5555555555555556,HLA-A*02:11,YFAMYGEKVAHIDVDTLYVRYHYYTWAVLAYTWY,0,0.0
DEMVCKWLL,SLMPCKWLF,"1|D/S,2|E/L,4|V/P,9|L/F",4,0.5555555555555556,HLA-A*02:11,YFAMYGEKVAHIDVDTLYVRYHYYTWAVLAYTWY,1,0.8489
DEMVCKWLL,RLMVCIWLF,"1|D/R,2|E/L,6|K/I,9|L/F",4,0.5555555555555556,HLA-A*02:11,YFAMYGEKVAHIDVDTLYVRYHYYTWAVLAYTWY,1,0.5765
DEMVCKWLL,ARLVCKWLY,"1|D/A,2|E/R,3|M/L,9|L/Y",4,0.5555555555555556,HLA-A*02:11,YFAMYGEKVAHIDVDTLYVRYHYYTWAVLAYTWY,0,0.0
DEMVCKWLL,SLMECKWLF,"1|D/S,2|E/L,4|V/E,9|L/F",4,0.5555555555555556,HLA-A*02:11,YFAMYGEKVAHIDVDTLYVRYHYYTWAVLAYTWY,1,0.94
DEMVCKWLL,DLMECKWSY,"2|E/L,4|V/E,8|L/S,9|L/Y",4,0.5555555555555556,HLA-A*02:11,YFAMYGEKVAHIDVDTLYVRYHYYTWAVLAYTWY,0,0.0006
DEMVCKWLL,RRLVCKWLY,"1|D/R,2|E/R,3|M/L,9|L/Y",4,0.5555555555555556,HLA-A*02:11,YFAMYGEKVAHIDVDTLYVRYHYYTWAVLAYTWY,0,0.0
DEMVCKWLL,RRMPCKWLF,"1|D/R,2|E/R,4|V/P,9|L/F",4,0.5555555555555556,HLA-A*02:11,YFAMYGEKVAHIDVDTLYVRYHYYTWAVLAYTWY,0,0.0
DEMVCKWLL,SRMVCLWLY,"1|D/S,2|E/R,6|K/L,9|L/Y",4,0.5555555555555556,HLA-A*02:11,YFAMYGEKVAHIDVDTLYVRYHYYTWAVLAYTWY,0,0.0
DEMVCKWLL,SRMDCKWLY,"1|D/S,2|E/R,4|V/D,9|L/Y",4,0.5555555555555556,HLA-A*02:11,YFAMYGEKVAHIDVDTLYVRYHYYTWAVLAYTWY,0,0.0
DEMVCKWLL,ARMECKWLF,"1|D/A,2|E/R,4|V/E,9|L/F",4,0.5555555555555556,HLA-A*02:11,YFAMYGEKVAHIDVDTLYVRYHYYTWAVLAYTWY,0,0.0
DEMVCKWLL,RRLVCKWLF,"1|D/R,2|E/R,3|M/L,9|L/F",4,0.5555555555555556,HLA-A*02:11,YFAMYGEKVAHIDVDTLYVRYHYYTWAVLAYTWY,0,0.0
DEMVCKWLL,SLAVCKWLF,"1|D/S,2|E/L,3|M/A,9|L/F",4,0.5555555555555556,HLA-A*02:11,YFAMYGEKVAHIDVDTLYVRYHYYTWAVLAYTWY,0,0.0017
DEMVCKWLL,DLMPCKWAF,"2|E/L,4|V/P,8|L/A,9|L/F",4,0.5555555555555556,HLA-A*02:11,YFAMYGEKVAHIDVDTLYVRYHYYTWAVLAYTWY,1,0.9004
DEMVCKWLL,RLLVCKWLF,"1|D/R,2|E/L,3|M/L,9|L/F",4,0.5555555555555556,HLA-A*02:11,YFAMYGEKVAHIDVDTLYVRYHYYTWAVLAYTWY,0,0.045
DEMVCKWLL,ALDVCKWLY,"1|D/A,2|E/L,3|M/D,9|L/Y",4,0.6666666666666666,HLA-A*02:11,YFAMYGEKVAHIDVDTLYVRYHYYTWAVLAYTWY,0,0.1126
DEMVCKWLL,ARDVCKWLF,"1|D/A,2|E/R,3|M/D,9|L/F",4,0.6666666666666666,HLA-A*02:11,YFAMYGEKVAHIDVDTLYVRYHYYTWAVLAYTWY,0,0.0
DEMVCKWLL,ALMECKWLF,"1|D/A,2|E/L,4|V/E,9|L/F",4,0.5555555555555556,HLA-A*02:11,YFAMYGEKVAHIDVDTLYVRYHYYTWAVLAYTWY,1,0.9959
DEMVCKWLL,RLAVCKWLF,"1|D/R,2|E/L,3|M/A,9|L/F",4,0.5555555555555556,HLA-A*02:11,YFAMYGEKVAHIDVDTLYVRYHYYTWAVLAYTWY,0,0.0014
DEMVCKWLL,RRMDCKWLF,"1|D/R,2|E/R,4|V/D,9|L/F",4,0.5555555555555556,HLA-A*02:11,YFAMYGEKVAHIDVDTLYVRYHYYTWAVLAYTWY,0,0.0
DEMVCKWLL,ARMPCKWLY,"1|D/A,2|E/R,4|V/P,9|L/Y",4,0.5555555555555556,HLA-A*02:11,YFAMYGEKVAHIDVDTLYVRYHYYTWAVLAYTWY,0,0.0
DEMVCKWLL,SRMVCVWLF,"1|D/S,2|E/R,6|K/V,9|L/F",4,0.5555555555555556,HLA-A*02:11,YFAMYGEKVAHIDVDTLYVRYHYYTWAVLAYTWY,0,0.0
DEMVCKWLL,ARMDCKWLY,"1|D/A,2|E/R,4|V/D,9|L/Y",4,0.5555555555555556,HLA-A*02:11,YFAMYGEKVAHIDVDTLYVRYHYYTWAVLAYTWY,0,0.0
DEMVCKWLL,DRMECKWTF,"2|E/R,4|V/E,8|L/T,9|L/F",4,0.5555555555555556,HLA-A*02:11,YFAMYGEKVAHIDVDTLYVRYHYYTWAVLAYTWY,0,0.0
DEMVCKWLL,DRMPCKWTY,"2|E/R,4|V/P,8|L/T,9|L/Y",4,0.5555555555555556,HLA-A*02:11,YFAMYGEKVAHIDVDTLYVRYHYYTWAVLAYTWY,0,0.0
DEMVCKWLL,RLMVCVWLF,"1|D/R,2|E/L,6|K/V,9|L/F",4,0.5555555555555556,HLA-A*02:11,YFAMYGEKVAHIDVDTLYVRYHYYTWAVLAYTWY,1,0.5526
DEMVCKWLL,RLDVCKWLF,"1|D/R,2|E/L,3|M/D,9|L/F",4,0.6666666666666666,HLA-A*02:11,YFAMYGEKVAHIDVDTLYVRYHYYTWAVLAYTWY,0,0.0792
DEMVCKWLL,ALLVCKWLF,"1|D/A,2|E/L,3|M/L,9|L/F",4,0.5555555555555556,HLA-A*02:11,YFAMYGEKVAHIDVDTLYVRYHYYTWAVLAYTWY,0,0.0018
DEMVCKWLL,DLMDCKWSY,"2|E/L,4|V/D,8|L/S,9|L/Y",4,0.5555555555555556,HLA-A*02:11,YFAMYGEKVAHIDVDTLYVRYHYYTWAVLAYTWY,0,0.0004
DEMVCKWLL,SLMVCIWLF,"1|D/S,2|E/L,6|K/I,9|L/F",4,0.5555555555555556,HLA-A*02:11,YFAMYGEKVAHIDVDTLYVRYHYYTWAVLAYTWY,0,0.4932
DEMVCKWLL,SLMECKWLY,"1|D/S,2|E/L,4|V/E,9|L/Y",4,0.5555555555555556,HLA-A*02:11,YFAMYGEKVAHIDVDTLYVRYHYYTWAVLAYTWY,0,0.0597
DEMVCKWLL,DRMPCKWSF,"2|E/R,4|V/P,8|L/S,9|L/F",4,0.5555555555555556,HLA-A*02:11,YFAMYGEKVAHIDVDTLYVRYHYYTWAVLAYTWY,0,0.0
DEMVCKWLL,DRMPCKWAY,"2|E/R,4|V/P,8|L/A,9|L/Y",4,0.5555555555555556,HLA-A*02:11,YFAMYGEKVAHIDVDTLYVRYHYYTWAVLAYTWY,0,0.0
DEMVCKWLL,RRMVCLWLY,"1|D/R,2|E/R,6|K/L,9|L/Y",4,0.5555555555555556,HLA-A*02:11,YFAMYGEKVAHIDVDTLYVRYHYYTWAVLAYTWY,0,0.0
