,I,W,C,E,F,E,E,A,T,E,T,A,I,C,Q,E,H,C,L,P,K,G,Y,S,Y,G,I,C,V,S,N,T,C,S,C,I
0,0.14330165088176727,0.20882625877857208,0.25783196091651917,0.23529572784900665,0.21786396205425262,0.23451602458953857,0.2546128034591675,0.198431134223938,0.19025181233882904,0.33561283349990845,0.19081628322601318,0.1945982277393341,0.15973269939422607,0.31243062019348145,0.1577937752008438,0.29181957244873047,0.18363207578659058,0.27609992027282715,0.13291038572788239,0.15862217545509338,0.14097175002098083,0.3262714445590973,0.16448794305324554,0.2526684105396271,0.15754204988479614,0.33083683252334595,0.14076128602027893,0.2550225257873535,0.16897796094417572,0.19383658468723297,0.15494394302368164,0.11235494911670685,0.20212601125240326,0.17049336433410645,0.20273461937904358,0.10851029306650162
1,0.18846756219863892,0.26649367809295654,0.2522149384021759,0.2525925934314728,0.2485370934009552,0.2445698380470276,0.2537495493888855,0.19082039594650269,0.21465259790420532,0.3051849901676178,0.2172447144985199,0.20610681176185608,0.20304279029369354,0.28547602891921997,0.17388683557510376,0.2814662754535675,0.2040487825870514,0.2575293481349945,0.17989744246006012,0.23886893689632416,0.17978858947753906,0.271731972694397,0.19744260609149933,0.19618701934814453,0.18027746677398682,0.27051612734794617,0.15704260766506195,0.191031813621521,0.13719542324543,0.1495010256767273,0.15503443777561188,0.13490945100784302,0.1832508146762848,0.1459013670682907,0.17797642946243286,0.13268548250198364
2,0.1545044481754303,0.23574984073638916,0.28749245405197144,0.21993979811668396,0.26454806327819824,0.20459434390068054,0.20906664431095123,0.18787524104118347,0.22290772199630737,0.27504393458366394,0.24628975987434387,0.22371986508369446,0.17921330034732819,0.294283390045166,0.1786649078130722,0.23893651366233826,0.19246619939804077,0.28248319029808044,0.1956697255373001,0.2326648086309433,0.17724154889583588,0.2603829503059387,0.20725186169147491,0.1963280737400055,0.20379528403282166,0.24372343719005585,0.16288214921951294,0.27265414595603943,0.17718300223350525,0.1740342378616333,0.18143150210380554,0.15015436708927155,0.18090781569480896,0.15003205835819244,0.19491828978061676,0.13061529397964478
3,0.17360924184322357,0.29597869515419006,0.34905433654785156,0.22946809232234955,0.21277503669261932,0.21718284487724304,0.2225569188594818,0.1538739651441574,0.18495382368564606,0.26844388246536255,0.19100087881088257,0.17006736993789673,0.17317821085453033,0.3255636394023895,0.16156095266342163,0.26024892926216125,0.16235055029392242,0.2878256142139435,0.13354556262493134,0.1653294712305069,0.14571118354797363,0.2372644543647766,0.18212024867534637,0.19647246599197388,0.19537413120269775,0.245685875415802,0.16681693494319916,0.2968769371509552,0.16470876336097717,0.17811386287212372,0.13695302605628967,0.11785724014043808,0.26529401540756226,0.19395147264003754,0.28995105624198914,0.16492916643619537
4,0.16155466437339783,0.2926153838634491,0.30252403020858765,0.2179117500782013,0.1799340397119522,0.21278414130210876,0.22247545421123505,0.16699516773223877,0.1954706609249115,0.2254040539264679,0.17656534910202026,0.14536379277706146,0.15077632665634155,0.24927918612957,0.15991437435150146,0.21075765788555145,0.1629260927438736,0.22907665371894836,0.1433665156364441,0.14831459522247314,0.12189684808254242,0.22694310545921326,0.13337284326553345,0.20809650421142578,0.15575705468654633,0.26566267013549805,0.17065849900245667,0.2824656367301941,0.16570056974887848,0.22597813606262207,0.12767961621284485,0.14937880635261536,0.26195085048675537,0.21682263910770416,0.27372246980667114,0.1479036659002304
5,0.17636775970458984,0.2954555153846741,0.3493037521839142,0.22989067435264587,0.16872839629650116,0.21082651615142822,0.2163630574941635,0.1290743201971054,0.17712393403053284,0.2490263134241104,0.17838075757026672,0.14137184619903564,0.17417249083518982,0.34329545497894287,0.1713598072528839,0.2718309462070465,0.16479705274105072,0.29628026485443115,0.11710647493600845,0.14640136063098907,0.12262745946645737,0.21051770448684692,0.1644420027732849,0.20447418093681335,0.17970895767211914,0.26409149169921875,0.16500353813171387,0.3158564865589142,0.15466190874576569,0.1764535754919052,0.1269235610961914,0.12469405680894852,0.2808995246887207,0.212419331073761,0.30773746967315674,0.16523538529872894
6,0.16730996966362,0.2776409387588501,0.3509471118450165,0.23624880611896515,0.15692566335201263,0.2151791751384735,0.2247762680053711,0.12480993568897247,0.17368315160274506,0.2604654133319855,0.1735973060131073,0.13594119250774384,0.17130674421787262,0.36297184228897095,0.17572806775569916,0.28910040855407715,0.15785758197307587,0.30041053891181946,0.11285711079835892,0.14564824104309082,0.11991183459758759,0.21178969740867615,0.16397477686405182,0.20361655950546265,0.17671896517276764,0.28381091356277466,0.15853233635425568,0.31973010301589966,0.1501159965991974,0.16892412304878235,0.1262870728969574,0.12413939833641052,0.28770923614501953,0.2039099782705307,0.3136783540248871,0.15664751827716827
7,0.13410881161689758,0.20267851650714874,0.3419857621192932,0.23038899898529053,0.14082291722297668,0.21891064941883087,0.23376984894275665,0.12738452851772308,0.141973078250885,0.30527937412261963,0.15051648020744324,0.1339035928249359,0.17261503636837006,0.4083743393421173,0.21151576936244965,0.35221073031425476,0.16205456852912903,0.3469977378845215,0.12273591011762619,0.1268865317106247,0.12219077348709106,0.21039053797721863,0.13902896642684937,0.1789160817861557,0.1544632613658905,0.2961593568325043,0.15853118896484375,0.4053882360458374,0.15729355812072754,0.15133745968341827,0.14107690751552582,0.12762445211410522,0.3162233531475067,0.14746612310409546,0.3455536365509033,0.11560087651014328
8,0.146728053689003,0.24626223742961884,0.3499138355255127,0.2643270194530487,0.1680355668067932,0.2487339973449707,0.2575418949127197,0.14256972074508667,0.14779531955718994,0.2985777258872986,0.15151435136795044,0.14503934979438782,0.15541568398475647,0.3437461853027344,0.1662871241569519,0.30501896142959595,0.1685119867324829,0.3471633791923523,0.1301373541355133,0.15230926871299744,0.12488242238759995,0.20559868216514587,0.1384301781654358,0.21509253978729248,0.16014429926872253,0.3306190073490143,0.15785858035087585,0.36608314514160156,0.16045784950256348,0.16757448017597198,0.15718725323677063,0.12008339911699295,0.2521122694015503,0.15116992592811584,0.290705144405365,0.11848492920398712
9,0.1571948230266571,0.28789541125297546,0.3370779752731323,0.23038232326507568,0.16506069898605347,0.21844464540481567,0.23054030537605286,0.15079455077648163,0.17821913957595825,0.27483946084976196,0.16920185089111328,0.15048010647296906,0.16576828062534332,0.35532012581825256,0.1751118302345276,0.3044891059398651,0.13745072484016418,0.29535192251205444,0.12497782707214355,0.15163454413414001,0.13164764642715454,0.20518924295902252,0.1653895527124405,0.17965912818908691,0.17326408624649048,0.24700304865837097,0.15754398703575134,0.32170379161834717,0.16227847337722778,0.16313470900058746,0.1342577189207077,0.12626132369041443,0.30503392219543457,0.19163626432418823,0.34211432933807373,0.14956286549568176
10,0.1592383235692978,0.27215611934661865,0.33150196075439453,0.22908371686935425,0.18729567527770996,0.22865647077560425,0.2413007616996765,0.1715095043182373,0.1732897013425827,0.2644243836402893,0.16367846727371216,0.156566321849823,0.1559697985649109,0.31747081875801086,0.16082698106765747,0.26543760299682617,0.17142242193222046,0.34185361862182617,0.1470445692539215,0.1626420021057129,0.13041678071022034,0.20638753473758698,0.13445556163787842,0.22136087715625763,0.15363024175167084,0.2842846214771271,0.1647576242685318,0.35221707820892334,0.1755310595035553,0.1858469694852829,0.16194021701812744,0.1306965947151184,0.23746073246002197,0.1630154252052307,0.27212658524513245,0.1224500760436058
11,0.1409943550825119,0.22470258176326752,0.33593863248825073,0.20281466841697693,0.16518232226371765,0.2067340612411499,0.22429154813289642,0.1673426479101181,0.17907413840293884,0.26419690251350403,0.16712039709091187,0.14918790757656097,0.16448186337947845,0.375788152217865,0.1950148046016693,0.28483280539512634,0.15605303645133972,0.350998193025589,0.1402798295021057,0.14203965663909912,0.13505683839321136,0.22083702683448792,0.13080866634845734,0.18811246752738953,0.14453431963920593,0.2550369203090668,0.1657419502735138,0.38077232241630554,0.18065328896045685,0.17550435662269592,0.14868313074111938,0.14095979928970337,0.27503323554992676,0.16242454946041107,0.30764150619506836,0.11540927737951279
12,0.14051640033721924,0.22145205736160278,0.3050723969936371,0.22838236391544342,0.17822891473770142,0.22293561697006226,0.23953735828399658,0.1860295534133911,0.19482621550559998,0.27780792117118835,0.1750849187374115,0.15819543600082397,0.1404143124818802,0.3115615248680115,0.16683770716190338,0.27249592542648315,0.16415032744407654,0.2763274312019348,0.12143249809741974,0.1321382373571396,0.11898627877235413,0.2964155673980713,0.13169868290424347,0.2592197060585022,0.1328815519809723,0.32288697361946106,0.1399177610874176,0.2941698431968689,0.16845741868019104,0.21708399057388306,0.14080074429512024,0.13571521639823914,0.2204664945602417,0.21321886777877808,0.24682597815990448,0.11153315007686615
13,0.13953177630901337,0.21567487716674805,0.2952686548233032,0.19692450761795044,0.19771063327789307,0.1873997449874878,0.19500194489955902,0.17743392288684845,0.23196227848529816,0.24240359663963318,0.23257476091384888,0.1904822736978531,0.15707235038280487,0.33178526163101196,0.18725378811359406,0.2358722984790802,0.1746538281440735,0.3013264834880829,0.16955292224884033,0.200111985206604,0.1665760725736618,0.26666101813316345,0.16771461069583893,0.18502533435821533,0.17044594883918762,0.2768781781196594,0.168485626578331,0.3165545165538788,0.18553639948368073,0.18020984530448914,0.18513977527618408,0.17259223759174347,0.20772625505924225,0.1636839658021927,0.22468550503253937,0.11959749460220337
14,0.14005187153816223,0.25288745760917664,0.38814568519592285,0.2547976076602936,0.15988075733184814,0.22851784527301788,0.24180570244789124,0.1518910676240921,0.1688699722290039,0.31913959980010986,0.1791604906320572,0.1616474688053131,0.13790380954742432,0.3888869285583496,0.17302744090557098,0.31095999479293823,0.1737089455127716,0.3460572361946106,0.10276195406913757,0.12748296558856964,0.13155540823936462,0.33114343881607056,0.1366749405860901,0.22611072659492493,0.1416572630405426,0.3707839250564575,0.1428012251853943,0.3854692876338959,0.14635850489139557,0.17167258262634277,0.13351470232009888,0.11010190099477768,0.23977887630462646,0.16661137342453003,0.26791971921920776,0.1095411628484726
15,0.12606269121170044,0.22739718854427338,0.32341650128364563,0.2276163101196289,0.1661490499973297,0.22416111826896667,0.23716092109680176,0.15254731476306915,0.1859670728445053,0.28661173582077026,0.1878991574048996,0.166767418384552,0.14804202318191528,0.37495365738868713,0.1671421378850937,0.275044709444046,0.13771602511405945,0.29466474056243896,0.1239532083272934,0.14767198264598846,0.1323004513978958,0.23583891987800598,0.16744674742221832,0.2011713832616806,0.178574800491333,0.26456156373023987,0.1518826186656952,0.3462209403514862,0.17291246354579926,0.1640441119670868,0.1385117620229721,0.12395834922790527,0.2836754322052002,0.19815987348556519,0.3298831284046173,0.14380985498428345
16,0.12763941287994385,0.19360171258449554,0.2577221393585205,0.24736067652702332,0.17988067865371704,0.23015032708644867,0.24129612743854523,0.1751454472541809,0.2007148563861847,0.30391597747802734,0.2076837122440338,0.1909721940755844,0.1529816836118698,0.29529088735580444,0.17513349652290344,0.286560982465744,0.16449494659900665,0.24101437628269196,0.13784506916999817,0.15213876962661743,0.12511196732521057,0.22098280489444733,0.16941505670547485,0.21974089741706848,0.1697847694158554,0.222802072763443,0.14749522507190704,0.2657998204231262,0.16448013484477997,0.19222307205200195,0.147317036986351,0.1505785435438156,0.20390190184116364,0.1897333860397339,0.22192628681659698,0.13339316844940186
17,0.12319822609424591,0.20841093361377716,0.2501402795314789,0.18829146027565002,0.16993284225463867,0.18199841678142548,0.19160674512386322,0.17054501175880432,0.19942589104175568,0.2475222796201706,0.2159401774406433,0.19860568642616272,0.15487858653068542,0.3348378837108612,0.1962684541940689,0.2584899365901947,0.1654094159603119,0.27655497193336487,0.1662343144416809,0.156708762049675,0.156676784157753,0.22965116798877716,0.16969965398311615,0.1766403317451477,0.17657949030399323,0.2521626353263855,0.16255824267864227,0.32089829444885254,0.19498613476753235,0.173310786485672,0.19112452864646912,0.16912364959716797,0.22490161657333374,0.16500377655029297,0.22782015800476074,0.11428821831941605
18,0.1345929056406021,0.1890268176794052,0.2461853325366974,0.2512253224849701,0.1277933418750763,0.20799297094345093,0.2181875854730606,0.15338115394115448,0.14962637424468994,0.30000627040863037,0.15185131132602692,0.1659754067659378,0.14634709060192108,0.3036324083805084,0.19984784722328186,0.339241087436676,0.1716056913137436,0.25843945145606995,0.12048668414354324,0.12949137389659882,0.16573837399482727,0.23348015546798706,0.1604965329170227,0.19765084981918335,0.1812850832939148,0.2954804599285126,0.1659773588180542,0.28346723318099976,0.15940430760383606,0.15086467564105988,0.14454419910907745,0.12748688459396362,0.22653347253799438,0.15191005170345306,0.22955729067325592,0.11103548109531403
19,0.16432996094226837,0.270440012216568,0.3372271656990051,0.2725379168987274,0.1926185041666031,0.24773168563842773,0.26274189352989197,0.19174213707447052,0.19128698110580444,0.34657853841781616,0.18923375010490417,0.19107235968112946,0.17907261848449707,0.3625970780849457,0.1719203144311905,0.29300248622894287,0.16289471089839935,0.2629629969596863,0.11518160998821259,0.13832123577594757,0.13403527438640594,0.23117348551750183,0.15261982381343842,0.192881777882576,0.15558505058288574,0.2642236351966858,0.15420886874198914,0.2733954191207886,0.16516169905662537,0.17516036331653595,0.15116344392299652,0.1206996887922287,0.2575322687625885,0.15537570416927338,0.24089273810386658,0.11221559345722198
20,0.16086255013942719,0.26933038234710693,0.320195734500885,0.22749759256839752,0.18393036723136902,0.22801628708839417,0.24028615653514862,0.1847657561302185,0.17607615888118744,0.2632622718811035,0.1790502667427063,0.1805359423160553,0.1390182077884674,0.3298446536064148,0.1720936894416809,0.28159376978874207,0.1407911479473114,0.25964799523353577,0.10434092581272125,0.11211049556732178,0.11348802596330643,0.21201929450035095,0.13350936770439148,0.21051526069641113,0.16039469838142395,0.2789027690887451,0.1514638513326645,0.3401317894458771,0.16339464485645294,0.1751820147037506,0.13579116761684418,0.15205049514770508,0.2717098891735077,0.1529282033443451,0.24430711567401886,0.10381357371807098
21,0.15443232655525208,0.25706690549850464,0.27987751364707947,0.1857130229473114,0.2045549899339676,0.1846487671136856,0.20196235179901123,0.20924462378025055,0.17477484047412872,0.21092550456523895,0.15694423019886017,0.16666316986083984,0.1386956423521042,0.27348408102989197,0.13855263590812683,0.22168143093585968,0.13910983502864838,0.23868364095687866,0.10809116065502167,0.11190860718488693,0.12550455331802368,0.18838752806186676,0.13034066557884216,0.17181365191936493,0.16204358637332916,0.2692629098892212,0.18009403347969055,0.3404437303543091,0.16945475339889526,0.16660363972187042,0.15085861086845398,0.19545407593250275,0.3126339912414551,0.17706900835037231,0.3001684546470642,0.12897953391075134
22,0.18711231648921967,0.2586196959018707,0.35045287013053894,0.21102598309516907,0.16308416426181793,0.20169058442115784,0.2141408622264862,0.1904539316892624,0.1800529956817627,0.26288923621177673,0.17026913166046143,0.16975854337215424,0.13576403260231018,0.3250562846660614,0.16179192066192627,0.25548940896987915,0.1417786031961441,0.27661195397377014,0.10494689643383026,0.10836660861968994,0.09959977865219116,0.22059381008148193,0.11949040740728378,0.17966194450855255,0.13356436789035797,0.24314843118190765,0.14073285460472107,0.3638555705547333,0.16840572655200958,0.17671455442905426,0.12884096801280975,0.13812080025672913,0.3826681077480316,0.18966230750083923,0.3996851146221161,0.13754728436470032
23,0.18284085392951965,0.2602374255657196,0.3044391870498657,0.182716965675354,0.1460692286491394,0.17714448273181915,0.19408509135246277,0.17684312164783478,0.1789606809616089,0.23150932788848877,0.16300463676452637,0.15879881381988525,0.13198694586753845,0.29857760667800903,0.165944442152977,0.2400243878364563,0.14679791033267975,0.25000661611557007,0.13520175218582153,0.1068260669708252,0.1003345400094986,0.14868101477622986,0.10974554717540741,0.19027283787727356,0.13087156414985657,0.21421495079994202,0.15557251870632172,0.3793255388736725,0.19184260070323944,0.19373394548892975,0.12230664491653442,0.15144601464271545,0.34233033657073975,0.22369787096977234,0.34617599844932556,0.12264151871204376
24,0.19938360154628754,0.2564377784729004,0.3739810585975647,0.20505136251449585,0.15349915623664856,0.1799289733171463,0.1963505744934082,0.19253653287887573,0.18224692344665527,0.27049604058265686,0.1576230525970459,0.15704376995563507,0.1399000883102417,0.33076342940330505,0.16302955150604248,0.24623239040374756,0.15786251425743103,0.2928430140018463,0.11760084331035614,0.12272368371486664,0.10151495039463043,0.2335585653781891,0.12378723919391632,0.19338463246822357,0.12872467935085297,0.2430245280265808,0.1436394900083542,0.35805320739746094,0.1813029646873474,0.18386812508106232,0.12319273501634598,0.1174965351819992,0.3339262306690216,0.19862797856330872,0.3570098876953125,0.13917924463748932
25,0.162485271692276,0.24292707443237305,0.299516499042511,0.1649046540260315,0.19631756842136383,0.14697666466236115,0.1690608263015747,0.22131536900997162,0.1826210916042328,0.20819935202598572,0.14194336533546448,0.15132251381874084,0.1457207053899765,0.2837955951690674,0.14037667214870453,0.22055988013744354,0.1590256243944168,0.2592441737651825,0.12811370193958282,0.13291068375110626,0.13010548055171967,0.21115471422672272,0.13998253643512726,0.18586738407611847,0.15660546720027924,0.26524028182029724,0.19360357522964478,0.34979620575904846,0.19397811591625214,0.1827678084373474,0.14478541910648346,0.16337278485298157,0.2654350697994232,0.19579869508743286,0.26590365171432495,0.13086430728435516
26,0.14579008519649506,0.22350725531578064,0.29863935708999634,0.22348400950431824,0.18657293915748596,0.1962769329547882,0.21304218471050262,0.19345080852508545,0.1745237112045288,0.26983559131622314,0.14927071332931519,0.15671660006046295,0.12119443714618683,0.2862013578414917,0.16474197804927826,0.2680007815361023,0.14595305919647217,0.24721641838550568,0.11800333857536316,0.11804953962564468,0.1120382696390152,0.2739642858505249,0.1293010711669922,0.2438785880804062,0.13624022901058197,0.3023391664028168,0.1409510225057602,0.33308741450309753,0.18857400119304657,0.2049788236618042,0.12916666269302368,0.12064432352781296,0.2716939449310303,0.20591115951538086,0.30277150869369507,0.10798244178295135
27,0.13537874817848206,0.22635535895824432,0.29426756501197815,0.1806626319885254,0.20770418643951416,0.15553222596645355,0.16158974170684814,0.17617382109165192,0.21242772042751312,0.21070246398448944,0.21263420581817627,0.19175031781196594,0.1435353010892868,0.29707202315330505,0.18278858065605164,0.21958385407924652,0.14179158210754395,0.26544493436813354,0.17683473229408264,0.17195941507816315,0.1445888876914978,0.23362964391708374,0.1496862769126892,0.16448268294334412,0.15411749482154846,0.24942836165428162,0.16388700902462006,0.3697411119937897,0.21225599944591522,0.1972239911556244,0.16015219688415527,0.1590508669614792,0.2609359622001648,0.16789978742599487,0.29328930377960205,0.11695975065231323
28,0.16515468060970306,0.24045561254024506,0.3637525141239166,0.18754169344902039,0.17464037239551544,0.1583983302116394,0.16214902698993683,0.18911966681480408,0.16619621217250824,0.1943453848361969,0.15372973680496216,0.17280840873718262,0.1386261284351349,0.26602619886398315,0.14622606337070465,0.21289850771427155,0.13811039924621582,0.262227863073349,0.15819275379180908,0.1415252387523651,0.10653001815080643,0.21062397956848145,0.11338537931442261,0.1797807514667511,0.13337953388690948,0.2620350122451782,0.17585110664367676,0.3353079855442047,0.18648046255111694,0.20144109427928925,0.1192614808678627,0.13471361994743347,0.2693488299846649,0.19761502742767334,0.3081358075141907,0.13249485194683075
29,0.16530627012252808,0.2402591109275818,0.3358166813850403,0.19169633090496063,0.17216162383556366,0.18569044768810272,0.19240009784698486,0.16288897395133972,0.17187049984931946,0.22955763339996338,0.18033045530319214,0.1750824749469757,0.13674741983413696,0.3241834342479706,0.2037072479724884,0.29043060541152954,0.14751264452934265,0.2752874791622162,0.13811758160591125,0.10836350172758102,0.09533588588237762,0.16899427771568298,0.100294329226017,0.18852269649505615,0.12311658263206482,0.2330172061920166,0.15426547825336456,0.41393253207206726,0.17171652615070343,0.18485523760318756,0.11835125833749771,0.13387003540992737,0.34829169511795044,0.19887126982212067,0.3840658962726593,0.11252530664205551
30,0.14807431399822235,0.2535208761692047,0.26625850796699524,0.19658811390399933,0.1597190946340561,0.18677087128162384,0.19354882836341858,0.19672447443008423,0.18372634053230286,0.19905409216880798,0.1732487976551056,0.17398330569267273,0.12550382316112518,0.24688883125782013,0.16735127568244934,0.24810579419136047,0.1420617699623108,0.21680663526058197,0.13127318024635315,0.133582204580307,0.0965791568160057,0.18179871141910553,0.1134762167930603,0.20386117696762085,0.1345619112253189,0.233674556016922,0.14872823655605316,0.3336182236671448,0.1896526962518692,0.21177086234092712,0.1290537267923355,0.16357001662254333,0.28656840324401855,0.2163284718990326,0.287657231092453,0.11097930371761322
31,0.14357104897499084,0.24980942904949188,0.3020920753479004,0.2233000099658966,0.1666918843984604,0.22613951563835144,0.24470175802707672,0.18787293136119843,0.17827653884887695,0.2670474946498871,0.1701175421476364,0.17437374591827393,0.14795434474945068,0.35980474948883057,0.16067633032798767,0.2950327396392822,0.16075074672698975,0.3384508490562439,0.1251685917377472,0.13883888721466064,0.11042948067188263,0.1812281310558319,0.11701817810535431,0.21552373468875885,0.14071880280971527,0.29136472940444946,0.14982637763023376,0.383135050535202,0.15542010962963104,0.168797567486763,0.14000727236270905,0.12292225658893585,0.2592514157295227,0.16113948822021484,0.29635268449783325,0.1064552515745163
32,0.131112203001976,0.1978946328163147,0.26074010133743286,0.19618919491767883,0.172905832529068,0.19439871609210968,0.2103593498468399,0.1752873957157135,0.21414408087730408,0.27716806530952454,0.23361504077911377,0.21093402802944183,0.16012638807296753,0.36455410718917847,0.18351131677627563,0.29437556862831116,0.14177259802818298,0.29992562532424927,0.17390672862529755,0.1685279756784439,0.1250680536031723,0.20393472909927368,0.14944349229335785,0.18051227927207947,0.1606239676475525,0.2412530779838562,0.14503850042819977,0.3539789319038391,0.1697690784931183,0.16826999187469482,0.1593131273984909,0.15983115136623383,0.2463974803686142,0.1514403373003006,0.25240013003349304,0.10683635622262955
33,0.1590542197227478,0.2465895414352417,0.2850847840309143,0.2110716700553894,0.17669950425624847,0.21115726232528687,0.23261991143226624,0.19376155734062195,0.17433445155620575,0.30641278624534607,0.17950668931007385,0.19501551985740662,0.15742723643779755,0.3519187867641449,0.1803085058927536,0.3573371171951294,0.15008220076560974,0.28552573919296265,0.14040012657642365,0.11147614568471909,0.10697301477193832,0.1581745594739914,0.11705663800239563,0.18314841389656067,0.13171611726284027,0.22963058948516846,0.14078289270401,0.34661027789115906,0.1598232537508011,0.1662464141845703,0.12812626361846924,0.12993717193603516,0.30320876836776733,0.16710256040096283,0.31331372261047363,0.10815910249948502
34,0.13301371037960052,0.2327231466770172,0.26795992255210876,0.2042829990386963,0.18588170409202576,0.18975603580474854,0.20076927542686462,0.18381591141223907,0.2147112488746643,0.27900728583335876,0.2325141876935959,0.21556971967220306,0.16427423059940338,0.3256009817123413,0.1786121129989624,0.28270938992500305,0.14881639182567596,0.276224821805954,0.1871020793914795,0.1590639054775238,0.13686048984527588,0.1855713278055191,0.15385214984416962,0.16778677701950073,0.16207338869571686,0.21720072627067566,0.14900757372379303,0.3401899039745331,0.18626859784126282,0.17425645887851715,0.16409078240394592,0.1549486517906189,0.2403014749288559,0.15447936952114105,0.25726810097694397,0.11919905990362167
35,0.1437699943780899,0.24907882511615753,0.28137296438217163,0.21693171560764313,0.1836073249578476,0.21282458305358887,0.2292088121175766,0.20823563635349274,0.17221084237098694,0.28782451152801514,0.15958836674690247,0.17433428764343262,0.13494667410850525,0.30037444829940796,0.17024952173233032,0.3237595558166504,0.1560327112674713,0.24858789145946503,0.12782908976078033,0.10411744564771652,0.1060892641544342,0.21079955995082855,0.12525436282157898,0.23185129463672638,0.13685524463653564,0.2667030394077301,0.14524389803409576,0.3353361189365387,0.17037957906723022,0.1904333233833313,0.13398844003677368,0.11970056593418121,0.2700539231300354,0.19393031299114227,0.2993851602077484,0.11477392166852951
sum,5.516644477844238,8.790160179138184,11.133411407470703,7.854137897491455,6.481943130493164,7.427371978759766,7.874658584594727,6.312687397003174,6.639229774475098,9.618721961975098,6.528745651245117,6.200756072998047,5.503807067871094,11.641693115234375,6.2050580978393555,9.88563346862793,5.6964545249938965,10.162152290344238,4.913100719451904,5.205777168273926,4.594364166259766,8.061765670776367,5.20259428024292,7.190288543701172,5.627612113952637,9.627647399902344,5.638146877288818,11.922321319580078,6.170775413513184,6.4819536209106445,5.171800136566162,4.986499786376953,9.577272415161133,6.46544075012207,10.216259002685547,4.482840061187744
posi,1.0,2.0,3.0,4.0,5.0,6.0,7.0,8.0,9.0,10.0,11.0,12.0,13.0,14.0,15.0,16.0,17.0,18.0,19.0,20.0,21.0,22.0,23.0,24.0,25.0,26.0,27.0,28.0,29.0,30.0,31.0,32.0,33.0,34.0,35.0,36.0
contrib,0.021135781226641445,0.03367751959357742,0.04265515908439497,0.03009136096987037,0.02483410567417448,0.028456303439966895,0.030169981362207957,0.024185640439779475,0.0254367140369983,0.03685196751117105,0.02501341899469775,0.023756800773550853,0.02108659758071342,0.04460252600643282,0.02377328301311562,0.03787457885292857,0.021824682937485854,0.03893399845923396,0.018823439206176466,0.01994476312279577,0.017602271867179237,0.030886840035151637,0.019932568603942435,0.0275479716386366,0.021560928739671175,0.03688616331699828,0.02160129031345796,0.04567768978704205,0.023641936626976355,0.0248341458658471,0.019814587775845268,0.01910465120506418,0.0366931629050519,0.024770880519346564,0.039141296145269656,0.01717499236860616
