,M,K,V,S,A,S,V,K,R,R,C,A,K,C,R,I,I,R,R,H,G,I,V,R,V,I,C,E,N,P,K,H,K,Q,R,Q,G
0,0.20126986503601074,0.1788998246192932,0.17123913764953613,0.1620590090751648,0.19763724505901337,0.17128603160381317,0.18804173171520233,0.19472704827785492,0.2415483593940735,0.2335846722126007,0.21851623058319092,0.21072298288345337,0.18202601373195648,0.19678284227848053,0.19631734490394592,0.19598883390426636,0.20077160000801086,0.2079368531703949,0.2206660807132721,0.20479504764080048,0.1997414529323578,0.2090224176645279,0.1695961058139801,0.21435897052288055,0.17357467114925385,0.20780421793460846,0.1776171624660492,0.17600490152835846,0.20194078981876373,0.17088019847869873,0.15505832433700562,0.1629159301519394,0.14883697032928467,0.15866714715957642,0.1641896367073059,0.15799690783023834,0.15948013961315155
1,0.718665599822998,0.1694902628660202,0.1735229641199112,0.18525119125843048,0.16663992404937744,0.18838311731815338,0.1629311591386795,0.16795088350772858,0.18085217475891113,0.1928914338350296,0.37196084856987,0.2243397980928421,0.18174271285533905,0.35813289880752563,0.1982741802930832,0.20169591903686523,0.19558697938919067,0.1793709695339203,0.16594798862934113,0.16563358902931213,0.2664835453033447,0.1708197295665741,0.18868355453014374,0.19270522892475128,0.19732460379600525,0.1807243674993515,0.3021518290042877,0.2595595121383667,0.19752222299575806,0.17413099110126495,0.14560510218143463,0.14657820761203766,0.12698331475257874,0.11694777011871338,0.11845120787620544,0.11225531995296478,0.16317841410636902
2,1.0481634140014648,0.1636701375246048,0.17122268676757812,0.17326167225837708,0.16047453880310059,0.1635170578956604,0.14783330261707306,0.15942521393299103,0.1758495271205902,0.17593996226787567,0.22306868433952332,0.1940019428730011,0.1525123119354248,0.20600876212120056,0.16448216140270233,0.2017989158630371,0.2057931125164032,0.17121073603630066,0.16398292779922485,0.18136078119277954,0.2667076587677002,0.1779058277606964,0.16629204154014587,0.15891344845294952,0.17068971693515778,0.18679781258106232,0.21385736763477325,0.23880568146705627,0.1612146943807602,0.18542246520519257,0.14755548536777496,0.16929064691066742,0.14022473990917206,0.1240265741944313,0.13831517100334167,0.11252710968255997,0.16487765312194824
3,0.962258517742157,0.16691744327545166,0.16223923861980438,0.1789594441652298,0.13729839026927948,0.16894593834877014,0.14310085773468018,0.15330973267555237,0.1545003354549408,0.1660269796848297,0.34148555994033813,0.18050517141819,0.17789395153522491,0.3136954605579376,0.1781187802553177,0.1970209777355194,0.18470941483974457,0.14750681817531586,0.13170239329338074,0.16724413633346558,0.20348995923995972,0.14339374005794525,0.15958628058433533,0.1544027030467987,0.17499417066574097,0.17069262266159058,0.3182290196418762,0.25521954894065857,0.18287652730941772,0.155659481883049,0.14964157342910767,0.16341522336006165,0.1473797708749771,0.13166671991348267,0.13298609852790833,0.12806890904903412,0.15650492906570435
4,0.587787389755249,0.17049984633922577,0.16638900339603424,0.16925320029258728,0.12107837945222855,0.15536577999591827,0.13536779582500458,0.15276382863521576,0.13358557224273682,0.14384567737579346,0.39632949233055115,0.16993874311447144,0.19128791987895966,0.40103814005851746,0.1759323626756668,0.22870486974716187,0.21547970175743103,0.14726166427135468,0.13310685753822327,0.17296363413333893,0.23468326032161713,0.16703246533870697,0.15456365048885345,0.15194463729858398,0.17438435554504395,0.19152237474918365,0.40135857462882996,0.26020312309265137,0.20009493827819824,0.14145693182945251,0.152252659201622,0.15012142062187195,0.15094180405139923,0.14322616159915924,0.1389247477054596,0.14440907537937164,0.17889092862606049
5,0.8028282523155212,0.1668088436126709,0.15644800662994385,0.18214631080627441,0.11720392853021622,0.16926027834415436,0.12766367197036743,0.13751326501369476,0.131552055478096,0.13940024375915527,0.366277277469635,0.15479955077171326,0.1642473340034485,0.3545258045196533,0.17371273040771484,0.21763941645622253,0.20174552500247955,0.13765284419059753,0.1195959821343422,0.15624068677425385,0.18555833399295807,0.13774752616882324,0.15320010483264923,0.141536682844162,0.1738296002149582,0.17293153703212738,0.37332695722579956,0.25409623980522156,0.17473524808883667,0.144862562417984,0.13568247854709625,0.16293825209140778,0.14347544312477112,0.14686205983161926,0.13308745622634888,0.1395854949951172,0.1856021136045456
6,0.8571622371673584,0.1550617516040802,0.16645532846450806,0.1695902943611145,0.12433448433876038,0.16043803095817566,0.1249171644449234,0.1280926614999771,0.12875890731811523,0.12946823239326477,0.27726903557777405,0.1564391851425171,0.13767749071121216,0.2686280608177185,0.15367549657821655,0.21406340599060059,0.2098981738090515,0.1384151130914688,0.12904375791549683,0.16942188143730164,0.22057004272937775,0.16552381217479706,0.15106944739818573,0.13363777101039886,0.16412977874279022,0.18968498706817627,0.2994528114795685,0.25384634733200073,0.15550464391708374,0.16718102991580963,0.12766356766223907,0.17240066826343536,0.13601654767990112,0.1400974541902542,0.14222629368305206,0.12746179103851318,0.20331020653247833
7,0.5530065894126892,0.16114801168441772,0.17337654531002045,0.18443159759044647,0.1323266327381134,0.16997285187244415,0.12925177812576294,0.1378723680973053,0.12373542785644531,0.1318170428276062,0.40139341354370117,0.1785622239112854,0.1647673100233078,0.41695186495780945,0.18394982814788818,0.21375703811645508,0.19967687129974365,0.14772072434425354,0.13190343976020813,0.1471933126449585,0.23846401274204254,0.15983425080776215,0.17454589903354645,0.166982039809227,0.19363188743591309,0.1851574331521988,0.3922306299209595,0.2859598398208618,0.19190828502178192,0.15740716457366943,0.12706062197685242,0.15126599371433258,0.12352734059095383,0.14025844633579254,0.12668225169181824,0.1335737407207489,0.22063232958316803
8,0.9943193197250366,0.14154525101184845,0.13847233355045319,0.12124712765216827,0.1185586079955101,0.11538267135620117,0.10642547160387039,0.12740276753902435,0.10909704864025116,0.11928088217973709,0.36359304189682007,0.15485301613807678,0.16123442351818085,0.31978198885917664,0.18117451667785645,0.18881770968437195,0.17496256530284882,0.1394350826740265,0.13181573152542114,0.1495501846075058,0.3085738718509674,0.18780562281608582,0.17892269790172577,0.15742459893226624,0.17402325570583344,0.1583593338727951,0.3227430284023285,0.2512015104293823,0.1601298749446869,0.13364779949188232,0.13334080576896667,0.1484462469816208,0.1366395354270935,0.1387421041727066,0.152657613158226,0.12778733670711517,0.21106353402137756
9,1.0964246988296509,0.13649477064609528,0.14021611213684082,0.11970765143632889,0.12451010942459106,0.11264792829751968,0.11066997051239014,0.12455721944570541,0.10958468168973923,0.11991456151008606,0.3421013057231903,0.15852931141853333,0.1589657962322235,0.29510778188705444,0.17371028661727905,0.18539491295814514,0.17100362479686737,0.14051513373851776,0.13325580954551697,0.14593827724456787,0.29708388447761536,0.18433654308319092,0.17685696482658386,0.15968340635299683,0.17684388160705566,0.15714599192142487,0.3140796720981598,0.24615341424942017,0.16933639347553253,0.13565996289253235,0.1339825838804245,0.1481710970401764,0.13721442222595215,0.1378672868013382,0.1579415202140808,0.12752005457878113,0.1952601671218872
10,0.48015937209129333,0.16942651569843292,0.18481208384037018,0.17947140336036682,0.17757436633110046,0.1602870523929596,0.16106784343719482,0.1584557592868805,0.1835896074771881,0.19417284429073334,0.31104230880737305,0.19724896550178528,0.16661281883716583,0.2826758325099945,0.18752865493297577,0.1932237446308136,0.18521714210510254,0.1676596999168396,0.16035149991512299,0.17283722758293152,0.2362077236175537,0.17583933472633362,0.18379998207092285,0.1804749071598053,0.19123290479183197,0.18159934878349304,0.2958778142929077,0.2490944266319275,0.23911233246326447,0.20795685052871704,0.15858757495880127,0.15649282932281494,0.15420076251029968,0.16866910457611084,0.15038901567459106,0.15743881464004517,0.17638282477855682
11,0.6203908920288086,0.15044285356998444,0.17002810537815094,0.15343299508094788,0.13144859671592712,0.13980518281459808,0.13887012004852295,0.16150088608264923,0.13386684656143188,0.1363024115562439,0.427724152803421,0.16996045410633087,0.1740054190158844,0.39005714654922485,0.16557598114013672,0.21852034330368042,0.20663392543792725,0.1449146717786789,0.13418225944042206,0.15751253068447113,0.23992909491062164,0.1673426628112793,0.15730135142803192,0.14480534195899963,0.18221715092658997,0.1848035305738449,0.39911574125289917,0.25869879126548767,0.21333615481853485,0.1413419395685196,0.13614940643310547,0.13948236405849457,0.13792350888252258,0.14386290311813354,0.13491469621658325,0.13995106518268585,0.1608656644821167
12,0.6807138919830322,0.15862160921096802,0.18507961928844452,0.21196231245994568,0.15727899968624115,0.18764376640319824,0.1432839035987854,0.15405449271202087,0.13818833231925964,0.13834384083747864,0.36625874042510986,0.19251766800880432,0.15837611258029938,0.3603796660900116,0.16238385438919067,0.2014467865228653,0.1939174085855484,0.14645794034004211,0.13213421404361725,0.15031161904335022,0.2663915753364563,0.15604162216186523,0.16977612674236298,0.1518564522266388,0.19486752152442932,0.1785133332014084,0.3581762909889221,0.2597070336341858,0.21004557609558105,0.15702436864376068,0.12377965450286865,0.1391095668077469,0.11773540079593658,0.13089348375797272,0.11479844897985458,0.1312054544687271,0.19934521615505219
13,0.4658265709877014,0.14840315282344818,0.17250512540340424,0.17640289664268494,0.17656157910823822,0.1633777767419815,0.1573440432548523,0.16377106308937073,0.18395991623401642,0.1882680505514145,0.32931631803512573,0.20210395753383636,0.16972334682941437,0.3121661841869354,0.17374104261398315,0.18937788903713226,0.1857900470495224,0.1586017608642578,0.1535247564315796,0.1784435510635376,0.2749115824699402,0.18132853507995605,0.17510436475276947,0.1737925112247467,0.18720711767673492,0.1952938288450241,0.3305046558380127,0.25080424547195435,0.24916110932826996,0.19608557224273682,0.15092763304710388,0.15413346886634827,0.14319737255573273,0.16802647709846497,0.14229604601860046,0.1693347841501236,0.18763411045074463
14,0.9856844544410706,0.13158652186393738,0.1286647766828537,0.12108743190765381,0.1423277109861374,0.12083721160888672,0.11204063892364502,0.13641877472400665,0.10797011107206345,0.11230748891830444,0.37767308950424194,0.17822226881980896,0.15387237071990967,0.32863596081733704,0.13913334906101227,0.15213891863822937,0.1503933072090149,0.12603893876075745,0.12072904407978058,0.15632089972496033,0.38153329491615295,0.1755087822675705,0.19190722703933716,0.1444852501153946,0.1847778707742691,0.1483880877494812,0.3344361186027527,0.28232795000076294,0.16069310903549194,0.12589159607887268,0.12428450584411621,0.13857421278953552,0.12835609912872314,0.14113731682300568,0.13733839988708496,0.14162065088748932,0.2230423539876938
15,0.47914692759513855,0.13148900866508484,0.16605019569396973,0.18284368515014648,0.15644261240959167,0.16481800377368927,0.13216590881347656,0.1478281021118164,0.13222436606884003,0.13898496329784393,0.38383838534355164,0.20330047607421875,0.16068919003009796,0.37616604566574097,0.15356747806072235,0.16354796290397644,0.15297961235046387,0.12451048195362091,0.11378981918096542,0.14722320437431335,0.30392593145370483,0.14992192387580872,0.19614292681217194,0.15879245102405548,0.2109561413526535,0.15911072492599487,0.36140814423561096,0.318146288394928,0.19737853109836578,0.135088711977005,0.12601721286773682,0.14816442131996155,0.12527623772621155,0.15247970819473267,0.1308135688304901,0.15862424671649933,0.23533321917057037
16,0.44021105766296387,0.13569186627864838,0.1769263595342636,0.18381093442440033,0.15233831107616425,0.16462044417858124,0.13831277191638947,0.1492290496826172,0.1343100666999817,0.1416308879852295,0.3621266186237335,0.20289094746112823,0.16485682129859924,0.3635680079460144,0.16204550862312317,0.16581286489963531,0.15239764750003815,0.12518921494483948,0.11309510469436646,0.14441412687301636,0.2746421694755554,0.1443941295146942,0.19536715745925903,0.16214868426322937,0.215651273727417,0.15719889104366302,0.34720516204833984,0.31597691774368286,0.19515332579612732,0.1326044797897339,0.12658026814460754,0.15132135152816772,0.1261613667011261,0.14839769899845123,0.13388769328594208,0.14749766886234283,0.22591419517993927
17,0.8709233403205872,0.1455264389514923,0.14283700287342072,0.11932370066642761,0.13781490921974182,0.11771994084119797,0.12599417567253113,0.14483162760734558,0.1188131645321846,0.12381571531295776,0.3517463803291321,0.1890239715576172,0.17191492021083832,0.3208314776420593,0.16395330429077148,0.16155511140823364,0.14615066349506378,0.12187784910202026,0.11610682308673859,0.1412229686975479,0.2831190824508667,0.1595403552055359,0.19516178965568542,0.16066883504390717,0.1987456977367401,0.15120358765125275,0.2915249168872833,0.2750219702720642,0.14838345348834991,0.11838117241859436,0.12276063114404678,0.14310534298419952,0.12906073033809662,0.12610357999801636,0.13828420639038086,0.11510185152292252,0.19190117716789246
18,0.7773072123527527,0.16415992379188538,0.15332567691802979,0.12793977558612823,0.140997976064682,0.12395718693733215,0.13456320762634277,0.16043433547019958,0.1265166997909546,0.1283213496208191,0.3208080530166626,0.18579162657260895,0.1806456744670868,0.314013808965683,0.1727156937122345,0.16534671187400818,0.1473180055618286,0.12479705363512039,0.11628350615501404,0.13547497987747192,0.2839144766330719,0.1537906527519226,0.18510521948337555,0.15996940433979034,0.19180862605571747,0.1551762968301773,0.2748177647590637,0.25394371151924133,0.14042793214321136,0.1179935559630394,0.13016796112060547,0.14274956285953522,0.13480384647846222,0.12162555754184723,0.13295386731624603,0.1067642942070961,0.19023266434669495
19,0.3715991973876953,0.18162637948989868,0.19102869927883148,0.1971394121646881,0.1815381497144699,0.19254638254642487,0.17243431508541107,0.1844254434108734,0.16893669962882996,0.16446690261363983,0.23718594014644623,0.18822818994522095,0.16960817575454712,0.24155212938785553,0.18714219331741333,0.18149065971374512,0.16656336188316345,0.1412733495235443,0.1280529499053955,0.13735517859458923,0.20944838225841522,0.15003353357315063,0.15727359056472778,0.15620160102844238,0.16706040501594543,0.16880658268928528,0.2245580404996872,0.24026845395565033,0.16699960827827454,0.1657753586769104,0.15374083817005157,0.16864778101444244,0.14993226528167725,0.1495816558599472,0.13735701143741608,0.13771198689937592,0.19562016427516937
20,0.45688414573669434,0.17656973004341125,0.17845021188259125,0.16198068857192993,0.15549568831920624,0.14681224524974823,0.15050706267356873,0.17868903279304504,0.15188544988632202,0.14510126411914825,0.27279388904571533,0.1661023497581482,0.16311731934547424,0.2911112308502197,0.16114956140518188,0.1832846701145172,0.1639413833618164,0.12807242572307587,0.11963679641485214,0.13334259390830994,0.20220650732517242,0.14429621398448944,0.15319859981536865,0.1553952842950821,0.18520338833332062,0.1918519288301468,0.33329713344573975,0.2600100040435791,0.18483035266399384,0.15459178388118744,0.18020498752593994,0.18463563919067383,0.18319369852542877,0.1336573213338852,0.136079341173172,0.108721062541008,0.18392519652843475
21,0.4553258717060089,0.17374920845031738,0.20034602284431458,0.229249507188797,0.1677456796169281,0.18255864083766937,0.14752453565597534,0.15491747856140137,0.12760747969150543,0.12936189770698547,0.2863738238811493,0.18358077108860016,0.161729633808136,0.3000065088272095,0.14490440487861633,0.14494958519935608,0.1319577395915985,0.11034804582595825,0.09892622381448746,0.11956782639026642,0.23950982093811035,0.12191362679004669,0.1585928201675415,0.14171883463859558,0.18752112984657288,0.15023712813854218,0.33730554580688477,0.2776471674442291,0.17285893857479095,0.13797736167907715,0.15264049172401428,0.16718651354312897,0.1515577882528305,0.1428251415491104,0.13594956696033478,0.13749189674854279,0.2260117083787918
22,1.0743610858917236,0.1450267881155014,0.15260866284370422,0.14035841822624207,0.12716366350650787,0.12822392582893372,0.12061862647533417,0.12203649431467056,0.1183648332953453,0.11696207523345947,0.22672592103481293,0.1521202176809311,0.12147072702646255,0.2300826609134674,0.11664699763059616,0.1448785811662674,0.1405922770500183,0.12229140847921371,0.11663269251585007,0.12137971073389053,0.18793842196464539,0.12237970530986786,0.13547269999980927,0.1193787157535553,0.16650235652923584,0.17074698209762573,0.30367374420166016,0.26189830899238586,0.14887259900569916,0.16060757637023926,0.13610196113586426,0.1800471544265747,0.15615566074848175,0.13319197297096252,0.14631110429763794,0.11665438115596771,0.19671234488487244
23,1.135909914970398,0.13909390568733215,0.13451655209064484,0.1155150979757309,0.12243735045194626,0.10962522774934769,0.11402752995491028,0.12558871507644653,0.10282532870769501,0.10342004895210266,0.2957993745803833,0.1541510820388794,0.1426408886909485,0.26542866230010986,0.11979413032531738,0.1389670968055725,0.13289691507816315,0.10690709203481674,0.10432913899421692,0.1268003284931183,0.23965182900428772,0.14475171267986298,0.16757358610630035,0.13088752329349518,0.17545774579048157,0.15385128557682037,0.3501347005367279,0.254761278629303,0.14011342823505402,0.13310423493385315,0.13254530727863312,0.1550113558769226,0.1485499143600464,0.1260298788547516,0.15203024446964264,0.11124581098556519,0.20563852787017822
24,1.0559585094451904,0.14455996453762054,0.1510448455810547,0.13804969191551208,0.12792226672172546,0.12787942588329315,0.12265373766422272,0.12398111820220947,0.11916570365428925,0.11944301426410675,0.2357970029115677,0.1486082673072815,0.12023990601301193,0.2267124056816101,0.128471240401268,0.17438176274299622,0.16598770022392273,0.13115742802619934,0.13329434394836426,0.13361677527427673,0.19253107905387878,0.13027648627758026,0.14552198350429535,0.12363635003566742,0.1661388874053955,0.1686762571334839,0.2871731221675873,0.26821014285087585,0.15461257100105286,0.1654328554868698,0.11859031021595001,0.1638319045305252,0.14311352372169495,0.12941038608551025,0.14611205458641052,0.11024453490972519,0.18608760833740234
25,0.5475942492485046,0.15859022736549377,0.18960629403591156,0.2002202868461609,0.1563054323196411,0.17035363614559174,0.13716258108615875,0.14831864833831787,0.13269542157649994,0.12993788719177246,0.3037116229534149,0.16993272304534912,0.14282146096229553,0.2965959906578064,0.1558147370815277,0.16453656554222107,0.14817142486572266,0.1143430843949318,0.10676215589046478,0.13548842072486877,0.2611207365989685,0.13277816772460938,0.18642765283584595,0.13894371688365936,0.20049040019512177,0.1541542410850525,0.3303006589412689,0.3004138171672821,0.19120630621910095,0.14732788503170013,0.12587913870811462,0.14964620769023895,0.13320405781269073,0.1397196501493454,0.13717161118984222,0.12811416387557983,0.22119638323783875
26,0.4513998031616211,0.17032304406166077,0.18845610320568085,0.18159909546375275,0.1767200380563736,0.15199384093284607,0.15314120054244995,0.14693549275398254,0.1758464276790619,0.18391671776771545,0.2606301009654999,0.1951182782649994,0.15236984193325043,0.28052642941474915,0.17579370737075806,0.18023936450481415,0.17204909026622772,0.14701786637306213,0.14714980125427246,0.1576819121837616,0.24641099572181702,0.15796250104904175,0.1700950264930725,0.15166422724723816,0.18140289187431335,0.1765754371881485,0.3288770914077759,0.264360636472702,0.23864704370498657,0.19590076804161072,0.1470624804496765,0.14510415494441986,0.14589354395866394,0.1616227775812149,0.15744921565055847,0.14867109060287476,0.18021132051944733
27,0.995177686214447,0.1556406319141388,0.18210673332214355,0.1594107747077942,0.1331789195537567,0.13660243153572083,0.1343023180961609,0.12556865811347961,0.1304570585489273,0.13817766308784485,0.28310152888298035,0.16214656829833984,0.15275238454341888,0.30141735076904297,0.13980986177921295,0.1662987917661667,0.15631753206253052,0.11901465803384781,0.11412420868873596,0.12005921453237534,0.22225460410118103,0.14188337326049805,0.1594386100769043,0.1314106285572052,0.17425204813480377,0.16784833371639252,0.35623279213905334,0.2680757939815521,0.1655171662569046,0.15265026688575745,0.1334979236125946,0.1266878992319107,0.14995667338371277,0.1568908840417862,0.15139590203762054,0.15282270312309265,0.20433151721954346
28,0.893318772315979,0.1423065960407257,0.18202440440654755,0.17949187755584717,0.14794911444187164,0.14823313057422638,0.13287633657455444,0.11355315148830414,0.11174182593822479,0.11419066786766052,0.20114539563655853,0.1607665717601776,0.12896588444709778,0.21892517805099487,0.13902997970581055,0.14735138416290283,0.13485679030418396,0.11837928742170334,0.10699763894081116,0.11039914190769196,0.18596111238002777,0.10708224028348923,0.15638825297355652,0.12445478141307831,0.20045915246009827,0.14567814767360687,0.3422706425189972,0.27137839794158936,0.2007746547460556,0.18637804687023163,0.13548512756824493,0.1536160558462143,0.13466127216815948,0.12846194207668304,0.14481770992279053,0.12433242797851562,0.19259853661060333
29,1.166900396347046,0.1413552463054657,0.16855934262275696,0.163613960146904,0.1455177664756775,0.15250825881958008,0.134116992354393,0.129935622215271,0.12369146943092346,0.13412396609783173,0.43910038471221924,0.1932285726070404,0.1630927324295044,0.36139681935310364,0.15581169724464417,0.2013859748840332,0.19033916294574738,0.12711253762245178,0.11214998364448547,0.11943992972373962,0.2011493444442749,0.13846872746944427,0.13870841264724731,0.12863631546497345,0.1638399064540863,0.1650373786687851,0.3568754494190216,0.2707880139350891,0.1868468075990677,0.15768420696258545,0.139248788356781,0.1315915435552597,0.13049857318401337,0.1145724430680275,0.12906089425086975,0.11196785420179367,0.16293296217918396
30,0.9596477150917053,0.13843661546707153,0.16224876046180725,0.1747875064611435,0.13290074467658997,0.1571357250213623,0.12149035930633545,0.10792513936758041,0.09555283933877945,0.10164780914783478,0.34212857484817505,0.2085247039794922,0.15667176246643066,0.381554514169693,0.1531679779291153,0.19554823637008667,0.18066853284835815,0.11699993908405304,0.09924903512001038,0.10888344049453735,0.19256633520126343,0.12752096354961395,0.15870577096939087,0.12193576991558075,0.19013625383377075,0.16976897418498993,0.43348610401153564,0.28427624702453613,0.1872459501028061,0.14697837829589844,0.11787396669387817,0.1271687000989914,0.11314792931079865,0.1198047399520874,0.10322997719049454,0.12236170470714569,0.18647658824920654
31,0.79681795835495,0.141525998711586,0.15127626061439514,0.16602860391139984,0.15497834980487823,0.17371852695941925,0.13779708743095398,0.13666582107543945,0.11862915754318237,0.1186739057302475,0.298960417509079,0.19467474520206451,0.15464136004447937,0.29730409383773804,0.152268648147583,0.20874041318893433,0.1931338757276535,0.12226590514183044,0.11145520210266113,0.12617479264736176,0.19881731271743774,0.1487187147140503,0.15615180134773254,0.12287204712629318,0.16273486614227295,0.16638576984405518,0.29884323477745056,0.27002161741256714,0.17341192066669464,0.16433210670948029,0.12655030190944672,0.1483764797449112,0.12219563126564026,0.13497216999530792,0.1143503412604332,0.13849571347236633,0.17759442329406738
32,0.7669577598571777,0.14355336129665375,0.15139244496822357,0.15933530032634735,0.14605404436588287,0.16062603890895844,0.12920710444450378,0.1285855621099472,0.1123867928981781,0.11808961629867554,0.3809644877910614,0.2288774996995926,0.16659848392009735,0.41993391513824463,0.16511592268943787,0.2005571722984314,0.18578818440437317,0.12630204856395721,0.11134708672761917,0.1218448132276535,0.20480626821517944,0.14054203033447266,0.17480601370334625,0.1350778341293335,0.2016592025756836,0.17185425758361816,0.3959610164165497,0.31601211428642273,0.18571138381958008,0.14662232995033264,0.11981368809938431,0.13473080098628998,0.11365540325641632,0.121085986495018,0.0997132807970047,0.11908385157585144,0.1653369963169098
33,1.0217127799987793,0.15805986523628235,0.1488359421491623,0.14485348761081696,0.12482348084449768,0.1389474719762802,0.12024365365505219,0.13466092944145203,0.12600472569465637,0.13367316126823425,0.4143495261669159,0.19256135821342468,0.16806897521018982,0.42785781621932983,0.17972791194915771,0.20256218314170837,0.17783181369304657,0.13071799278259277,0.1166120395064354,0.13119111955165863,0.21953877806663513,0.13814866542816162,0.15145047008991241,0.13579167425632477,0.17069071531295776,0.17321716248989105,0.4147016108036041,0.3110651671886444,0.17373691499233246,0.12680673599243164,0.11996964365243912,0.14043964445590973,0.11576612293720245,0.11240866035223007,0.10725710541009903,0.10204660892486572,0.15802215039730072
34,1.1550605297088623,0.12724809348583221,0.12632712721824646,0.11898034811019897,0.13242030143737793,0.11747924238443375,0.11529563367366791,0.12101022154092789,0.09735101461410522,0.10208022594451904,0.3556863069534302,0.1833016574382782,0.15574821829795837,0.288278192281723,0.14476001262664795,0.1792076826095581,0.1665092259645462,0.1167483702301979,0.11200188845396042,0.13130860030651093,0.2472819834947586,0.1516202986240387,0.175847128033638,0.12306173890829086,0.1860048919916153,0.16147449612617493,0.3115334212779999,0.28739234805107117,0.15984059870243073,0.12775717675685883,0.12430300563573837,0.14224345982074738,0.12739214301109314,0.12095041573047638,0.11749707907438278,0.11193901300430298,0.16539600491523743
35,1.0707504749298096,0.1634623259305954,0.1626483052968979,0.16366590559482574,0.12650856375694275,0.1466822624206543,0.12813322246074677,0.13500124216079712,0.13483130931854248,0.13833780586719513,0.36603686213493347,0.17165863513946533,0.15622131526470184,0.3727443516254425,0.1786268949508667,0.20901265740394592,0.1796189844608307,0.1246013417840004,0.10757565498352051,0.13117937743663788,0.19474560022354126,0.13600270450115204,0.14509442448616028,0.13041114807128906,0.16870123147964478,0.18280909955501556,0.4166051149368286,0.2885136902332306,0.1808571219444275,0.12666749954223633,0.11613712459802628,0.1434386968612671,0.11583974957466125,0.10833518207073212,0.11357007175683975,0.09912201762199402,0.15884502232074738
36,0.8261005282402039,0.13856449723243713,0.15258446335792542,0.16257049143314362,0.14187557995319366,0.15189525485038757,0.13342469930648804,0.14448480308055878,0.1303621232509613,0.12454275786876678,0.29282835125923157,0.15264371037483215,0.14447768032550812,0.3117992579936981,0.1661166101694107,0.22403858602046967,0.1919165402650833,0.11595046520233154,0.10360020399093628,0.13883014023303986,0.15906396508216858,0.14265741407871246,0.15096630156040192,0.1255166381597519,0.1921834796667099,0.202037051320076,0.3755089044570923,0.26779308915138245,0.21552163362503052,0.14854209125041962,0.13218916952610016,0.16630344092845917,0.1378374546766281,0.11743901669979095,0.12048882991075516,0.1043124794960022,0.1650821566581726
sum,28.823726654052734,5.685576915740967,6.073870658874512,6.059032440185547,5.374382495880127,5.612087726593018,5.0248026847839355,5.322422504425049,5.026839256286621,5.170464038848877,12.025847434997559,6.709977626800537,5.894288063049316,11.692375183105469,6.02414608001709,6.903282642364502,6.459564685821533,5.016577243804932,4.671114444732666,5.3486456871032715,8.77093505859375,5.644167423248291,6.164696216583252,5.465578079223633,6.771329402923584,6.353118896484375,12.305452346801758,9.907657623291016,6.776559829711914,5.643813133239746,5.018932819366455,5.61738395690918,5.060506343841553,5.030517578125,4.970978260040283,4.764064311981201,6.961470603942871
posi,1.0,2.0,3.0,4.0,5.0,6.0,7.0,8.0,9.0,10.0,11.0,12.0,13.0,14.0,15.0,16.0,17.0,18.0,19.0,20.0,21.0,22.0,23.0,24.0,25.0,26.0,27.0,28.0,29.0,30.0,31.0,32.0,33.0,34.0,35.0,36.0,37.0
contrib,0.11079819027243619,0.02185531525744832,0.023347913509911205,0.023290875507943724,0.020659086228589772,0.02157282336249286,0.01931530404212527,0.02045935240898722,0.019323132607791546,0.019875225200715597,0.04622726784368812,0.025793103950127252,0.022657599351000726,0.044945402994663736,0.023156772599660907,0.026536166988163003,0.024830518472743434,0.019283685508352567,0.017955729085400735,0.02056015412761308,0.03371540894600498,0.021696137477164888,0.02369704627630865,0.021009641370767367,0.026028939719943557,0.024421341652472006,0.047302067039191646,0.03808496200629916,0.026049045441506036,0.021694775589014562,0.01929274032324168,0.021593182032325523,0.019452548641242084,0.019337272049503,0.019108403354867572,0.018313027681824693,0.026759841078467312
